0 0.008832 
1 0.026496 
2 0.039744 
3 0.066240 
4 0.145728 
5 0.154560 
6 0.004416 
7 0.008832 
8 0.013248 
9 0.039744 
10 0.066240 
11 0.083904 
12 0.101568 
13 0.119232 
14 0.119232 
15 0.128064 
16 0.145728 
17 0.163392 
18 0.198720 
19 0.216384 
20 0.225216 
21 0.225216 
22 0.242880 
23 0.264960 
24 0.278208 
25 0.295872 
26 0.300288 
27 0.300288 
28 0.300288 
29 0.300288 
30 0.300288 
31 0.300288 
32 0.295872 
33 0.300288 
34 0.300288 
35 0.300288 
36 0.300288 
37 0.300288 
38 0.300288 
39 0.300288 
40 0.300288 
41 0.300288 
42 0.300288 
43 0.300288 
44 0.300288 
45 0.300288 
46 0.300288 
47 0.295872 
48 0.300288 
49 0.300288 
50 0.300288 
51 0.300288 
52 0.300288 
53 0.300288 
54 0.300288 
55 0.300288 
56 0.300288 
57 0.300288 
58 0.300288 
59 0.300288 
60 0.300288 
61 0.300288 
62 0.300288 
63 0.295872 
64 0.300288 
65 0.300288 
66 0.300288 
67 0.300288 
68 0.300288 
69 0.300288 
70 0.300288 
71 0.300288 
72 0.300288 
73 0.300288 
74 0.300288 
75 0.300288 
76 0.300288 
77 0.300288 
78 0.295872 
79 0.300288 
80 0.300288 
81 0.300288 
82 0.300288 
83 0.300288 
84 0.300288 
85 0.300288 
86 0.300288 
87 0.300288 
88 0.300288 
89 0.300288 
90 0.300288 
91 0.300288 
92 0.300288 
93 0.295872 
94 0.300288 
95 0.300288 
96 0.300288 
97 0.300288 
98 0.300288 
99 0.300288 
