0.10000000000000001 1
0.20000000000000001 1
0.30000000000000004 1
0.40000000000000002 1
0.5 1
0.59999999999999998 1
0.69999999999999996 1
0.79999999999999993 1
0.89999999999999991 1
0.99999999999999989 1
1.0999999999999999 1
1.2 3
1.3 3
1.4000000000000001 3
1.5000000000000002 3
1.6000000000000003 3
1.7000000000000004 3
1.8000000000000005 3
1.9000000000000006 3
2.0000000000000004 3
2.1000000000000005 3
2.2000000000000006 3
2.3000000000000007 6
2.4000000000000008 6
2.5000000000000009 6
2.600000000000001 6
2.7000000000000011 6
2.8000000000000012 6
2.9000000000000012 6
3.0000000000000013 6
3.1000000000000014 6
3.2000000000000015 6
3.3000000000000016 9
3.4000000000000017 12
3.5000000000000018 12
3.6000000000000019 12
3.700000000000002 12
3.800000000000002 12
3.9000000000000021 12
4.0000000000000018 12
4.1000000000000014 12
4.2000000000000011 12
4.3000000000000007 12
4.4000000000000004 18
4.5 24
4.5999999999999996 24
4.6999999999999993 24
4.7999999999999989 24
4.8999999999999986 24
4.9999999999999982 24
5.0999999999999979 24
5.1999999999999975 24
5.2999999999999972 24
5.3999999999999968 22
5.4999999999999964 29
5.5999999999999961 36
5.6999999999999957 39
5.7999999999999954 39
5.899999999999995 39
5.9999999999999947 21
6.0999999999999943 28
6.199999999999994 33
6.2999999999999936 33
6.3999999999999932 33
6.4999999999999929 18
6.5999999999999925 18
6.6999999999999922 18
6.7999999999999918 18
6.8999999999999915 18
6.9999999999999911 18
7.0999999999999908 18
7.1999999999999904 18
7.2999999999999901 18
7.3999999999999897 18
7.4999999999999893 18
7.599999999999989 18
7.6999999999999886 18
7.7999999999999883 2
7.8999999999999879 2
7.9999999999999876 2
8.0999999999999872 2
8.1999999999999869 2
8.2999999999999865 3
8.3999999999999861 3
8.4999999999999858 3
8.5999999999999854 3
8.6999999999999851 3
8.7999999999999847 3
8.8999999999999844 3
8.999999999999984 3
9.0999999999999837 3
9.1999999999999833 3
9.2999999999999829 3
9.3999999999999826 6
9.4999999999999822 6
9.5999999999999819 6
9.6999999999999815 6
9.7999999999999812 6
9.8999999999999808 6
9.9999999999999805 6
10.09999999999998 6
10.19999999999998 6
10.299999999999979 6
10.399999999999979 7
10.499999999999979 9
10.599999999999978 9
10.699999999999978 9
10.799999999999978 9
10.899999999999977 9
10.999999999999977 9.66667
11.099999999999977 10
11.199999999999976 10
11.299999999999976 10
11.399999999999975 10
11.499999999999975 10.4
11.599999999999975 10.9
11.699999999999974 10.9
11.799999999999974 10.9
11.899999999999974 10.9
11.999999999999973 11.0835
12.099999999999973 11.7257
12.199999999999973 11.8174
12.299999999999972 11.8174
12.399999999999972 11.8174
12.499999999999972 11.8174
12.599999999999971 12.4098
12.699999999999971 12.7483
12.799999999999971 12.7483
12.89999999999997 12.7483
12.99999999999997 12.7483
13.099999999999969 13.1405
13.199999999999969 13.6896
13.299999999999969 13.6896
13.399999999999968 13.6896
13.499999999999968 13.6896
13.599999999999968 13.9818
13.699999999999967 14.42
13.799999999999967 14.6392
13.899999999999967 14.6392
13.999999999999966 14.6392
14.099999999999966 14.7758
14.199999999999966 15.1857
14.299999999999965 15.5955
14.399999999999965 15.5955
14.499999999999964 15.5955
14.599999999999964 15.5955
14.699999999999964 16.0444
14.799999999999963 16.4291
14.899999999999963 16.5573
14.999999999999963 16.5573
15.099999999999962 16.5573
15.199999999999962 16.8593
15.299999999999962 17.2217
15.399999999999961 17.5237
15.499999999999961 17.5237
15.599999999999961 17.5237
15.69999999999996 17.6949
15.79999999999996 18.0943
15.899999999999959 18.4367
15.999999999999959 18.4938
16.099999999999959 18.4938
16.19999999999996 18.5479
16.299999999999962 18.9264
16.399999999999963 19.3049
16.499999999999964 19.4671
16.599999999999966 19.4671
16.699999999999967 19.4671
16.799999999999969 19.7753
16.89999999999997 20.1349
16.999999999999972 20.4431
17.099999999999973 20.4431
17.199999999999974 20.4431
17.299999999999976 20.6388
17.399999999999977 20.9812
17.499999999999979 21.3236
17.59999999999998 21.4214
17.699999999999982 21.4214
17.799999999999983 21.5148
17.899999999999984 21.8416
17.999999999999986 22.1683
18.099999999999987 22.4018
18.199999999999989 22.4018
18.29999999999999 22.4018
18.399999999999991 22.7142
18.499999999999993 23.0267
18.599999999999994 23.3392
18.699999999999996 23.3838
18.799999999999997 23.3838
18.899999999999999 23.5976
19 23.897
19.100000000000001 24.1963
19.200000000000003 24.3674
19.300000000000004 24.3674
19.400000000000006 24.4905
19.500000000000007 24.7778
19.600000000000009 25.0651
19.70000000000001 25.3523
19.800000000000011 25.3523
19.900000000000013 25.3918
20.000000000000014 25.6679
20.100000000000016 25.944
20.200000000000017 26.2201
20.300000000000018 26.3384
20.40000000000002 26.3384
20.500000000000021 26.5662
20.600000000000023 26.832
20.700000000000024 27.0978
20.800000000000026 27.3256
20.900000000000027 27.3256
21.000000000000028 27.472
21.10000000000003 27.7281
21.200000000000031 27.9843
21.300000000000033 28.2405
21.400000000000034 28.3137
21.500000000000036 28.4196
21.600000000000037 28.6315
21.700000000000038 28.8788
21.80000000000004 29.126
21.900000000000041 29.3026
22.000000000000043 29.3367
22.100000000000044 29.5415
22.200000000000045 29.7804
22.300000000000047 30.0192
22.400000000000048 30.2581
22.50000000000005 30.2923
22.600000000000051 30.4903
22.700000000000053 30.6884
22.800000000000054 30.9195
22.900000000000055 31.1506
23.000000000000057 31.2826
23.100000000000058 31.4105
23.20000000000006 31.6342
23.300000000000061 31.826
23.400000000000063 32.0498
23.500000000000064 32.2736
23.600000000000065 32.3356
23.700000000000067 32.5524
23.800000000000068 32.7384
23.90000000000007 32.9553
24.000000000000071 33.1721
24.100000000000072 33.2651
24.200000000000074 33.4755
24.300000000000075 33.686
24.400000000000077 33.8663
24.500000000000078 34.0768
24.60000000000008 34.2571
24.700000000000081 34.4031
24.800000000000082 34.6074
24.900000000000084 34.7826
25.000000000000085 34.9869
25.100000000000087 35.1912
25.200000000000088 35.3347
25.30000000000009 35.5333
25.400000000000091 35.7319
25.500000000000092 35.9021
25.600000000000094 36.1007
25.700000000000095 36.2701
25.800000000000097 36.4633
25.900000000000098 36.6564
26.000000000000099 36.8496
26.100000000000101 37.0151
26.200000000000102 37.2083
26.300000000000104 37.397
26.400000000000105 37.585
26.500000000000107 37.7461
26.600000000000108 37.9341
26.700000000000109 38.1221
26.800000000000111 38.308
26.900000000000112 38.4911
27.000000000000114 38.648
27.100000000000115 38.8311
27.200000000000117 39.0143
27.300000000000118 39.1974
27.400000000000119 39.2235
27.500000000000121 39.2235
27.600000000000122 39.2235
27.700000000000124 39.2235
27.800000000000125 39.2235
27.900000000000126 39.2235
28.000000000000128 39.2235
28.100000000000129 39.2235
28.200000000000131 39.2235
28.300000000000132 39.2235
28.400000000000134 39.2235
28.500000000000135 39.2235
28.600000000000136 39.2235
28.700000000000138 39.2235
28.800000000000139 39.2235
28.900000000000141 39.2235
29.000000000000142 39.2235
29.100000000000144 39.2235
29.200000000000145 39.2235
29.300000000000146 39.2235
29.400000000000148 39.2235
29.500000000000149 39.2235
29.600000000000151 39.2235
29.700000000000152 39.2235
29.800000000000153 39.2235
29.900000000000155 39.2235
30.000000000000156 39.2235
30.100000000000158 39.2235
30.200000000000159 39.2235
30.300000000000161 39.2235
30.400000000000162 39.2235
30.500000000000163 39.2235
30.600000000000165 39.2235
30.700000000000166 39.2235
30.800000000000168 39.2235
30.900000000000169 39.2235
31.000000000000171 39.2235
31.100000000000172 39.2235
31.200000000000173 39.2235
31.300000000000175 39.2235
31.400000000000176 39.2235
31.500000000000178 39.2235
31.600000000000179 39.2235
31.70000000000018 39.2235
31.800000000000182 39.2235
31.900000000000183 39.2235
32.000000000000185 39.2235
32.100000000000186 39.2235
32.200000000000188 39.2235
32.300000000000189 39.2235
32.40000000000019 39.2235
32.500000000000192 39.2235
32.600000000000193 39.2235
32.700000000000195 39.2235
32.800000000000196 39.2235
32.900000000000198 39.2235
33.000000000000199 39.2235
33.1000000000002 39.2235
33.200000000000202 39.2235
33.300000000000203 39.2235
33.400000000000205 39.2235
33.500000000000206 39.2235
33.600000000000207 39.2235
33.700000000000209 39.2235
33.80000000000021 39.2235
33.900000000000212 39.2235
34.000000000000213 39.2235
34.100000000000215 39.2235
34.200000000000216 39.2235
34.300000000000217 39.2235
34.400000000000219 39.2235
34.50000000000022 39.2235
34.600000000000222 39.2235
34.700000000000223 39.2235
34.800000000000225 39.2235
34.900000000000226 39.2235
35.000000000000227 39.2235
35.100000000000229 39.2235
35.20000000000023 39.2235
35.300000000000232 39.2235
35.400000000000233 39.2235
35.500000000000234 39.2235
35.600000000000236 39.2235
35.700000000000237 39.2235
35.800000000000239 39.2235
35.90000000000024 39.2235
36.000000000000242 39.2235
36.100000000000243 39.2235
36.200000000000244 39.2235
36.300000000000246 39.2235
36.400000000000247 39.2235
36.500000000000249 39.2235
36.60000000000025 39.2235
36.700000000000252 39.2235
36.800000000000253 39.2235
36.900000000000254 39.2235
37.000000000000256 39.2235
37.100000000000257 39.2235
37.200000000000259 39.2235
37.30000000000026 39.2235
37.400000000000261 39.2235
37.500000000000263 39.2235
37.600000000000264 39.2235
37.700000000000266 39.2235
37.800000000000267 39.2235
37.900000000000269 39.2235
38.00000000000027 39.2235
38.100000000000271 39.2235
38.200000000000273 39.2235
38.300000000000274 39.2235
38.400000000000276 39.2235
38.500000000000277 39.2235
38.600000000000279 39.2235
38.70000000000028 39.2235
38.800000000000281 39.2235
38.900000000000283 39.2235
39.000000000000284 39.2235
39.100000000000286 39.2235
39.200000000000287 39.2235
39.300000000000288 39.2235
39.40000000000029 39.2235
39.500000000000291 39.2235
39.600000000000293 39.2235
39.700000000000294 39.2235
39.800000000000296 39.2235
39.900000000000297 39.2235
40.000000000000298 39.2235
40.1000000000003 39.2235
40.200000000000301 39.2235
40.300000000000303 39.2235
40.400000000000304 39.2235
40.500000000000306 39.2235
40.600000000000307 39.2235
40.700000000000308 39.2235
40.80000000000031 39.2235
40.900000000000311 39.2235
41.000000000000313 39.2235
41.100000000000314 39.2235
41.200000000000315 39.2235
41.300000000000317 39.2235
41.400000000000318 39.2235
41.50000000000032 39.2235
41.600000000000321 39.2235
41.700000000000323 39.2235
41.800000000000324 39.2235
41.900000000000325 39.2235
42.000000000000327 39.2235
42.100000000000328 39.2235
42.20000000000033 39.2235
42.300000000000331 39.2235
42.400000000000333 39.2235
42.500000000000334 39.2235
42.600000000000335 39.2235
42.700000000000337 39.2235
42.800000000000338 39.2235
42.90000000000034 39.2235
43.000000000000341 39.2235
43.100000000000342 39.2235
43.200000000000344 39.2235
43.300000000000345 39.2235
43.400000000000347 39.2235
43.500000000000348 39.2235
43.60000000000035 39.2235
43.700000000000351 39.2235
43.800000000000352 39.2235
43.900000000000354 39.2235
44.000000000000355 39.2235
44.100000000000357 39.2235
44.200000000000358 39.2235
44.30000000000036 39.2235
44.400000000000361 39.2235
44.500000000000362 39.2235
44.600000000000364 39.2235
44.700000000000365 39.2235
44.800000000000367 39.2235
44.900000000000368 39.2235
45.000000000000369 39.2235
45.100000000000371 39.2235
45.200000000000372 39.2235
45.300000000000374 39.2235
45.400000000000375 39.2235
45.500000000000377 39.2235
45.600000000000378 39.2235
45.700000000000379 39.2235
45.800000000000381 39.2235
45.900000000000382 39.2235
46.000000000000384 39.2235
46.100000000000385 39.2235
46.200000000000387 39.2235
46.300000000000388 39.2235
46.400000000000389 39.2235
46.500000000000391 39.2235
46.600000000000392 39.2235
46.700000000000394 39.2235
46.800000000000395 39.2235
46.900000000000396 39.2235
47.000000000000398 39.2235
47.100000000000399 39.2235
47.200000000000401 39.2235
47.300000000000402 39.2235
47.400000000000404 39.2235
47.500000000000405 39.2235
47.600000000000406 39.2235
47.700000000000408 39.2235
47.800000000000409 39.2235
47.900000000000411 39.2235
48.000000000000412 39.2235
48.100000000000414 39.2235
48.200000000000415 39.2235
48.300000000000416 39.2235
48.400000000000418 39.2235
48.500000000000419 39.2235
48.600000000000421 39.2235
48.700000000000422 39.2235
48.800000000000423 39.2235
48.900000000000425 39.2235
49.000000000000426 39.2235
49.100000000000428 39.2235
49.200000000000429 39.2235
49.300000000000431 39.2235
49.400000000000432 39.2235
49.500000000000433 39.2235
49.600000000000435 39.2235
49.700000000000436 39.2235
49.800000000000438 39.2235
49.900000000000439 39.2235
50.000000000000441 39.2235
50.100000000000442 39.2235
50.200000000000443 39.2235
50.300000000000445 39.2235
50.400000000000446 39.2235
50.500000000000448 39.2235
50.600000000000449 39.2235
50.70000000000045 39.2235
50.800000000000452 39.2235
50.900000000000453 39.2235
51.000000000000455 39.2235
51.100000000000456 39.2235
51.200000000000458 39.2235
51.300000000000459 39.2235
51.40000000000046 39.2235
51.500000000000462 39.2235
51.600000000000463 39.2235
51.700000000000465 39.2235
51.800000000000466 39.2235
51.900000000000468 39.2235
52.000000000000469 39.2235
52.10000000000047 39.2235
52.200000000000472 39.2235
52.300000000000473 39.2235
52.400000000000475 39.2235
52.500000000000476 39.2235
52.600000000000477 39.2235
52.700000000000479 39.2235
52.80000000000048 39.2235
52.900000000000482 39.2235
53.000000000000483 39.2235
53.100000000000485 39.2235
53.200000000000486 39.2235
53.300000000000487 39.2235
53.400000000000489 39.2235
53.50000000000049 39.2235
53.600000000000492 39.2235
53.700000000000493 39.2235
53.800000000000495 39.2235
53.900000000000496 39.2235
54.000000000000497 39.2235
54.100000000000499 39.2235
54.2000000000005 39.2235
54.300000000000502 39.2235
54.400000000000503 39.2235
54.500000000000504 39.2235
54.600000000000506 39.2235
54.700000000000507 39.2235
54.800000000000509 39.2235
54.90000000000051 39.2235
55.000000000000512 39.2235
55.100000000000513 39.2235
55.200000000000514 39.2235
55.300000000000516 39.2235
55.400000000000517 39.2235
55.500000000000519 39.2235
55.60000000000052 39.2235
55.700000000000522 39.2235
55.800000000000523 39.2235
55.900000000000524 39.2235
56.000000000000526 39.2235
56.100000000000527 39.2235
56.200000000000529 39.2235
56.30000000000053 39.2235
56.400000000000531 39.2235
56.500000000000533 39.2235
56.600000000000534 39.2235
56.700000000000536 39.2235
56.800000000000537 39.2235
56.900000000000539 39.2235
57.00000000000054 39.2235
57.100000000000541 39.2235
57.200000000000543 39.2235
57.300000000000544 39.2235
57.400000000000546 39.2235
57.500000000000547 39.2235
57.600000000000549 39.2235
57.70000000000055 39.2235
57.800000000000551 39.2235
57.900000000000553 39.2235
58.000000000000554 39.2235
58.100000000000556 39.2235
58.200000000000557 39.2235
58.300000000000558 39.2235
58.40000000000056 39.2235
58.500000000000561 39.2235
58.600000000000563 39.2235
58.700000000000564 39.2235
58.800000000000566 39.2235
58.900000000000567 39.2235
59.000000000000568 39.2235
59.10000000000057 39.2235
59.200000000000571 39.2235
59.300000000000573 39.2235
59.400000000000574 39.2235
59.500000000000576 39.2235
59.600000000000577 39.2235
59.700000000000578 39.2235
59.80000000000058 39.2235
59.900000000000581 39.2235
60.000000000000583 39.2235
60.100000000000584 39.2235
60.200000000000585 39.2235
60.300000000000587 39.2235
60.400000000000588 39.2235
60.50000000000059 39.2235
60.600000000000591 39.2235
60.700000000000593 39.2235
60.800000000000594 39.2235
60.900000000000595 39.2235
61.000000000000597 39.2235
61.100000000000598 39.2235
61.2000000000006 39.2235
61.300000000000601 39.2235
61.400000000000603 39.2235
61.500000000000604 39.2235
61.600000000000605 39.2235
61.700000000000607 39.2235
61.800000000000608 39.2235
61.90000000000061 39.2235
62.000000000000611 39.2235
62.100000000000612 39.2235
62.200000000000614 39.2235
62.300000000000615 39.2235
62.400000000000617 39.2235
62.500000000000618 39.2235
62.60000000000062 39.2235
62.700000000000621 39.2235
62.800000000000622 39.2235
62.900000000000624 39.2235
63.000000000000625 39.2235
63.100000000000627 39.2235
63.200000000000628 39.2235
63.30000000000063 39.2235
63.400000000000631 39.2235
63.500000000000632 39.2235
63.600000000000634 39.2235
63.700000000000635 39.2235
63.800000000000637 39.2235
63.900000000000638 39.2235
64.000000000000639 39.2235
64.100000000000634 39.2235
64.200000000000628 39.2235
64.300000000000622 39.2235
64.400000000000617 39.2235
64.500000000000611 39.2235
64.600000000000605 39.2235
64.7000000000006 39.2235
64.800000000000594 39.2235
64.900000000000588 39.2235
65.000000000000583 39.2235
65.100000000000577 39.2235
65.200000000000571 39.2235
65.300000000000566 39.2235
65.40000000000056 39.2235
65.500000000000554 39.2235
65.600000000000549 39.2235
65.700000000000543 39.2235
65.800000000000537 39.2235
65.900000000000531 39.2235
66.000000000000526 39.2235
66.10000000000052 39.2235
66.200000000000514 39.2235
66.300000000000509 39.2235
66.400000000000503 39.2235
66.500000000000497 39.2235
66.600000000000492 39.2235
66.700000000000486 39.2235
66.80000000000048 39.2235
66.900000000000475 39.2235
67.000000000000469 39.2235
67.100000000000463 39.2235
67.200000000000458 39.2235
67.300000000000452 39.2235
67.400000000000446 39.2235
67.500000000000441 39.2235
67.600000000000435 39.2235
67.700000000000429 39.2235
67.800000000000423 39.2235
67.900000000000418 39.2235
68.000000000000412 39.2235
68.100000000000406 39.2235
68.200000000000401 39.2235
68.300000000000395 39.2235
68.400000000000389 39.2235
68.500000000000384 39.2235
68.600000000000378 39.2235
68.700000000000372 39.2235
68.800000000000367 39.2235
68.900000000000361 39.2235
69.000000000000355 39.2235
69.10000000000035 39.2235
69.200000000000344 39.2235
69.300000000000338 39.2235
69.400000000000333 39.2235
69.500000000000327 39.2235
69.600000000000321 39.2235
69.700000000000315 39.2235
69.80000000000031 39.2235
69.900000000000304 39.2235
70.000000000000298 39.2235
70.100000000000293 39.2235
70.200000000000287 39.2235
70.300000000000281 39.2235
70.400000000000276 39.2235
70.50000000000027 39.2235
70.600000000000264 39.2235
70.700000000000259 39.2235
70.800000000000253 39.2235
70.900000000000247 39.2235
71.000000000000242 39.2235
71.100000000000236 39.2235
71.20000000000023 39.2235
71.300000000000225 39.2235
71.400000000000219 39.2235
71.500000000000213 39.2235
71.600000000000207 39.2235
71.700000000000202 39.2235
71.800000000000196 39.2235
71.90000000000019 39.2235
72.000000000000185 39.2235
72.100000000000179 39.2235
72.200000000000173 39.2235
72.300000000000168 39.2235
72.400000000000162 39.2235
72.500000000000156 39.2235
72.600000000000151 39.2235
72.700000000000145 39.2235
72.800000000000139 39.2235
72.900000000000134 39.2235
73.000000000000128 39.2235
73.100000000000122 39.2235
73.200000000000117 39.2235
73.300000000000111 39.2235
73.400000000000105 39.2235
73.500000000000099 39.2235
73.600000000000094 39.2235
73.700000000000088 39.2235
73.800000000000082 39.2235
73.900000000000077 39.2235
74.000000000000071 39.2235
74.100000000000065 39.2235
74.20000000000006 39.2235
74.300000000000054 39.2235
74.400000000000048 39.2235
74.500000000000043 39.2235
74.600000000000037 39.2235
74.700000000000031 39.2235
74.800000000000026 39.2235
74.90000000000002 39.2235
75.000000000000014 39.2235
75.100000000000009 39.2235
75.200000000000003 39.2235
75.299999999999997 39.2235
75.399999999999991 39.2235
75.499999999999986 39.2235
75.59999999999998 39.2235
75.699999999999974 39.2235
75.799999999999969 39.2235
75.899999999999963 39.2235
75.999999999999957 39.2235
76.099999999999952 39.2235
76.199999999999946 39.2235
76.29999999999994 39.2235
76.399999999999935 39.2235
76.499999999999929 39.2235
76.599999999999923 39.2235
76.699999999999918 39.2235
76.799999999999912 39.2235
76.899999999999906 39.2235
76.999999999999901 39.2235
77.099999999999895 39.2235
77.199999999999889 39.2235
77.299999999999883 39.2235
77.399999999999878 39.2235
77.499999999999872 39.2235
77.599999999999866 39.2235
77.699999999999861 39.2235
77.799999999999855 39.2235
77.899999999999849 39.2235
77.999999999999844 39.2235
78.099999999999838 39.2235
78.199999999999832 39.2235
78.299999999999827 39.2235
78.399999999999821 39.2235
78.499999999999815 39.2235
78.59999999999981 39.2235
78.699999999999804 39.2235
78.799999999999798 39.2235
78.899999999999793 39.2235
78.999999999999787 39.2235
79.099999999999781 39.2235
79.199999999999775 39.2235
79.29999999999977 39.2235
79.399999999999764 39.2235
79.499999999999758 39.2235
79.599999999999753 39.2235
79.699999999999747 39.2235
79.799999999999741 39.2235
79.899999999999736 39.2235
79.99999999999973 39.2235
80.099999999999724 39.2235
80.199999999999719 39.2235
80.299999999999713 39.2235
80.399999999999707 39.2235
80.499999999999702 39.2235
80.599999999999696 39.2235
80.69999999999969 39.2235
80.799999999999685 39.2235
80.899999999999679 39.2235
80.999999999999673 39.2235
81.099999999999667 39.2235
81.199999999999662 39.2235
81.299999999999656 39.2235
81.39999999999965 39.2235
81.499999999999645 39.2235
81.599999999999639 39.2235
81.699999999999633 39.2235
81.799999999999628 39.2235
81.899999999999622 39.2235
81.999999999999616 39.2235
82.099999999999611 39.2235
82.199999999999605 39.2235
82.299999999999599 39.2235
82.399999999999594 39.2235
82.499999999999588 39.2235
82.599999999999582 39.2235
82.699999999999577 39.2235
82.799999999999571 39.2235
82.899999999999565 39.2235
82.999999999999559 39.2235
83.099999999999554 39.2235
83.199999999999548 39.2235
83.299999999999542 39.2235
83.399999999999537 39.2235
83.499999999999531 39.2235
83.599999999999525 39.2235
83.69999999999952 39.2235
83.799999999999514 39.2235
83.899999999999508 39.2235
83.999999999999503 39.2235
84.099999999999497 39.2235
84.199999999999491 39.2235
84.299999999999486 39.2235
84.39999999999948 39.2235
84.499999999999474 39.2235
84.599999999999469 39.2235
84.699999999999463 39.2235
84.799999999999457 39.2235
84.899999999999451 39.2235
84.999999999999446 39.2235
85.09999999999944 39.2235
85.199999999999434 39.2235
85.299999999999429 39.2235
85.399999999999423 39.2235
85.499999999999417 39.2235
85.599999999999412 39.2235
85.699999999999406 39.2235
85.7999999999994 39.2235
85.899999999999395 39.2235
85.999999999999389 39.2235
86.099999999999383 39.2235
86.199999999999378 39.2235
86.299999999999372 39.2235
86.399999999999366 39.2235
86.499999999999361 39.2235
86.599999999999355 39.2235
86.699999999999349 39.2235
86.799999999999343 39.2235
86.899999999999338 39.2235
86.999999999999332 39.2235
87.099999999999326 39.2235
87.199999999999321 39.2235
87.299999999999315 39.2235
87.399999999999309 39.2235
87.499999999999304 39.2235
87.599999999999298 39.2235
87.699999999999292 39.2235
87.799999999999287 39.2235
87.899999999999281 39.2235
87.999999999999275 39.2235
88.09999999999927 39.2235
88.199999999999264 39.2235
88.299999999999258 39.2235
88.399999999999253 39.2235
88.499999999999247 39.2235
88.599999999999241 39.2235
88.699999999999235 39.2235
88.79999999999923 39.2235
88.899999999999224 39.2235
88.999999999999218 39.2235
89.099999999999213 39.2235
89.199999999999207 39.2235
89.299999999999201 39.2235
89.399999999999196 39.2235
89.49999999999919 39.2235
89.599999999999184 39.2235
89.699999999999179 39.2235
89.799999999999173 39.2235
89.899999999999167 39.2235
89.999999999999162 39.2235
90.099999999999156 39.2235
90.19999999999915 39.2235
90.299999999999145 39.2235
90.399999999999139 39.2235
90.499999999999133 39.2235
90.599999999999127 39.2235
90.699999999999122 39.2235
90.799999999999116 39.2235
90.89999999999911 39.2235
90.999999999999105 39.2235
91.099999999999099 39.2235
91.199999999999093 39.2235
91.299999999999088 39.2235
91.399999999999082 39.2235
91.499999999999076 39.2235
91.599999999999071 39.2235
91.699999999999065 39.2235
91.799999999999059 39.2235
91.899999999999054 39.2235
91.999999999999048 39.2235
92.099999999999042 39.2235
92.199999999999037 39.2235
92.299999999999031 39.2235
92.399999999999025 39.2235
92.499999999999019 39.2235
92.599999999999014 39.2235
92.699999999999008 39.2235
92.799999999999002 39.2235
92.899999999998997 39.2235
92.999999999998991 39.2235
93.099999999998985 39.2235
93.19999999999898 39.2235
93.299999999998974 39.2235
93.399999999998968 39.2235
93.499999999998963 39.2235
93.599999999998957 39.2235
93.699999999998951 39.2235
93.799999999998946 39.2235
93.89999999999894 39.2235
93.999999999998934 39.2235
94.099999999998929 39.2235
94.199999999998923 39.2235
94.299999999998917 39.2235
94.399999999998911 39.2235
94.499999999998906 39.2235
94.5999999999989 39.2235
94.699999999998894 39.2235
94.799999999998889 39.2235
94.899999999998883 39.2235
94.999999999998877 39.2235
95.099999999998872 39.2235
95.199999999998866 39.2235
95.29999999999886 39.2235
95.399999999998855 39.2235
95.499999999998849 39.2235
95.599999999998843 39.2235
95.699999999998838 39.2235
95.799999999998832 39.2235
95.899999999998826 39.2235
95.99999999999882 39.2235
96.099999999998815 39.2235
96.199999999998809 39.2235
96.299999999998803 39.2235
96.399999999998798 39.2235
96.499999999998792 39.2235
96.599999999998786 39.2235
96.699999999998781 39.2235
96.799999999998775 39.2235
96.899999999998769 39.2235
96.999999999998764 39.2235
97.099999999998758 39.2235
97.199999999998752 39.2235
97.299999999998747 39.2235
97.399999999998741 39.2235
97.499999999998735 39.2235
97.59999999999873 39.2235
97.699999999998724 39.2235
97.799999999998718 39.2235
97.899999999998712 39.2235
97.999999999998707 39.2235
98.099999999998701 39.2235
98.199999999998695 39.2235
98.29999999999869 39.2235
98.399999999998684 39.2235
98.499999999998678 39.2235
98.599999999998673 39.2235
98.699999999998667 39.2235
98.799999999998661 39.2235
98.899999999998656 39.2235
98.99999999999865 39.2235
99.099999999998644 39.2235
99.199999999998639 39.2235
99.299999999998633 39.2235
99.399999999998627 39.2235
99.499999999998622 39.2235
99.599999999998616 39.2235
99.69999999999861 39.2235
99.799999999998604 39.2235
99.899999999998599 39.2235
99.999999999998593 39.2235
100.09999999999859 39.2235
100.19999999999858 39.2235
100.29999999999858 39.2235
100.39999999999857 39.2235
100.49999999999856 39.2235
100.59999999999856 39.2235
100.69999999999855 39.2235
100.79999999999855 39.2235
100.89999999999854 39.2235
100.99999999999854 39.2235
101.09999999999853 39.2235
101.19999999999852 2
101.29999999999852 2
101.39999999999851 2
101.49999999999851 2
101.5999999999985 2
101.6999999999985 2
101.79999999999849 2
101.89999999999849 2
101.99999999999848 2
102.09999999999847 2
102.19999999999847 2
102.29999999999846 2
102.39999999999846 2
102.49999999999845 2
102.59999999999845 2
102.69999999999844 2
102.79999999999843 2
102.89999999999843 2
102.99999999999842 2
103.09999999999842 2
103.19999999999841 2
103.29999999999841 2
103.3999999999984 2
103.49999999999839 2
103.59999999999839 2
103.69999999999838 2
103.79999999999838 2
103.89999999999837 2
103.99999999999837 2
104.09999999999836 2
104.19999999999835 2
104.29999999999835 2
104.39999999999834 2
104.49999999999834 2
104.59999999999833 2
104.69999999999833 2
104.79999999999832 2
104.89999999999831 2
104.99999999999831 2
105.0999999999983 2
105.1999999999983 2
105.29999999999829 2
105.39999999999829 2
105.49999999999828 2
105.59999999999827 2
105.69999999999827 2
105.79999999999826 2
105.89999999999826 2
105.99999999999825 2
106.09999999999825 2
106.19999999999824 2
106.29999999999824 2
106.39999999999823 2
106.49999999999822 2
106.59999999999822 2
106.69999999999821 2
106.79999999999821 2
106.8999999999982 2
106.9999999999982 2
107.09999999999819 2
107.19999999999818 2
107.29999999999818 2
107.39999999999817 2
107.49999999999817 2
107.59999999999816 2
107.69999999999816 2
107.79999999999815 2
107.89999999999814 2
107.99999999999814 2
108.09999999999813 2
108.19999999999813 2
108.29999999999812 2
108.39999999999812 2
108.49999999999811 2
108.5999999999981 2
108.6999999999981 2
108.79999999999809 2
108.89999999999809 2
108.99999999999808 2
109.09999999999808 2
109.19999999999807 2
109.29999999999806 2
109.39999999999806 2
109.49999999999805 2
109.59999999999805 2
109.69999999999804 2
109.79999999999804 2
109.89999999999803 2
109.99999999999802 2
110.09999999999802 2
110.19999999999801 2
110.29999999999801 2
110.399999999998 2
110.499999999998 2
110.59999999999799 2
110.69999999999798 2
110.79999999999798 2
110.89999999999797 2
110.99999999999797 2
111.09999999999796 2
111.19999999999796 2
111.29999999999795 2
111.39999999999795 2
111.49999999999794 2
111.59999999999793 2
111.69999999999793 2
111.79999999999792 2
111.89999999999792 2
111.99999999999791 2
112.09999999999791 2
112.1999999999979 2
112.29999999999789 2
112.39999999999789 2
112.49999999999788 2
112.59999999999788 2
112.69999999999787 2
112.79999999999787 2
112.89999999999786 2
112.99999999999785 2
113.09999999999785 2
113.19999999999784 2
113.29999999999784 2
113.39999999999783 2
113.49999999999783 2
113.59999999999782 2
113.69999999999781 2
113.79999999999781 2
113.8999999999978 2
113.9999999999978 2
114.09999999999779 2
114.19999999999779 2
114.29999999999778 2
114.39999999999777 2
114.49999999999777 2
114.59999999999776 2
114.69999999999776 2
114.79999999999775 2
114.89999999999775 2
114.99999999999774 2
115.09999999999773 2
115.19999999999773 2
115.29999999999772 2
115.39999999999772 2
115.49999999999771 2
115.59999999999771 2
115.6999999999977 2
115.79999999999769 2
115.89999999999769 2
115.99999999999768 2
116.09999999999768 2
116.19999999999767 2
116.29999999999767 2
116.39999999999766 2
116.49999999999766 2
116.59999999999765 2
116.69999999999764 2
116.79999999999764 2
116.89999999999763 2
116.99999999999763 2
117.09999999999762 2
117.19999999999762 2
117.29999999999761 2
117.3999999999976 2
117.4999999999976 2
117.59999999999759 2
117.69999999999759 2
117.79999999999758 2
117.89999999999758 2
117.99999999999757 2
118.09999999999756 2
118.19999999999756 2
118.29999999999755 2
118.39999999999755 2
118.49999999999754 2
118.59999999999754 2
118.69999999999753 2
118.79999999999752 2
118.89999999999752 2
118.99999999999751 2
119.09999999999751 2
119.1999999999975 2
119.2999999999975 2
119.39999999999749 2
119.49999999999748 2
119.59999999999748 2
119.69999999999747 2
119.79999999999747 2
119.89999999999746 2
119.99999999999746 2
120.09999999999745 2
120.19999999999744 2
120.29999999999744 2
120.39999999999743 2
120.49999999999743 2
120.59999999999742 2
120.69999999999742 2
120.79999999999741 2
120.89999999999741 2
120.9999999999974 2
121.09999999999739 2
121.19999999999739 2
121.29999999999738 2
121.39999999999738 2
121.49999999999737 2
121.59999999999737 2
121.69999999999736 2
121.79999999999735 2
121.89999999999735 2
121.99999999999734 2
122.09999999999734 2
122.19999999999733 2
122.29999999999733 2
122.39999999999732 2
122.49999999999731 2
122.59999999999731 2
122.6999999999973 2
122.7999999999973 2
122.89999999999729 2
122.99999999999729 2
123.09999999999728 2
123.19999999999727 2
123.29999999999727 2
123.39999999999726 2
123.49999999999726 2
123.59999999999725 2
123.69999999999725 2
123.79999999999724 2
123.89999999999723 2
123.99999999999723 2
124.09999999999722 2
124.19999999999722 2
124.29999999999721 2
124.39999999999721 2
124.4999999999972 2
124.59999999999719 2
124.69999999999719 2
124.79999999999718 2
124.89999999999718 2
124.99999999999717 2
