0.10000000000000001 1
0.20000000000000001 1
0.30000000000000004 1
0.40000000000000002 1
0.5 1
0.59999999999999998 1
0.69999999999999996 2
0.79999999999999993 2
0.89999999999999991 2
0.99999999999999989 2
1.0999999999999999 2
1.2 4
1.3 4
1.4000000000000001 4
1.5000000000000002 4
1.6000000000000003 4
1.7000000000000004 7
1.8000000000000005 8
1.9000000000000006 8
2.0000000000000004 8
2.1000000000000005 8
2.2000000000000006 9
2.3000000000000007 15
2.4000000000000008 16
2.5000000000000009 16
2.600000000000001 16
2.7000000000000011 16
2.8000000000000012 21
2.9000000000000012 28
3.0000000000000013 32
3.1000000000000014 32
3.2000000000000015 32
3.3000000000000016 36
3.4000000000000017 42
3.5000000000000018 48
3.6000000000000019 25.5
3.700000000000002 25.5
3.800000000000002 25.5
3.9000000000000021 25.5
4.0000000000000018 25.5
4.1000000000000014 25.5
4.2000000000000011 25.5
4.3000000000000007 25.5
4.4000000000000004 25.5
4.5 25.5
4.5999999999999996 25.5
4.6999999999999993 25.5
4.7999999999999989 25.5
4.8999999999999986 25.5
4.9999999999999982 25.5
5.0999999999999979 1
5.1999999999999975 1
5.2999999999999972 1
5.3999999999999968 2
5.4999999999999964 2
5.5999999999999961 2
5.6999999999999957 2
5.7999999999999954 3
5.899999999999995 4
5.9999999999999947 4
6.0999999999999943 4
6.199999999999994 4
6.2999999999999936 5
6.3999999999999932 6
6.4999999999999929 6
6.5999999999999925 6
6.6999999999999922 6
6.7999999999999918 6
6.8999999999999915 6
6.9999999999999911 9
7.0999999999999908 10
7.1999999999999904 10
7.2999999999999901 10
7.3999999999999897 10
7.4999999999999893 12
7.599999999999989 12.2483
7.6999999999999886 12.3299
7.7999999999999883 12.3299
7.8999999999999879 12.3299
7.9999999999999876 12.3299
8.0999999999999872 12.3299
8.1999999999999869 12.5717
8.2999999999999865 13.0416
8.3999999999999861 13.0416
8.4999999999999858 13.0416
8.5999999999999854 13.0416
8.6999999999999851 13.0416
8.7999999999999847 6.5208
8.8999999999999844 6.5208
8.999999999999984 6.5208
9.0999999999999837 6.5208
9.1999999999999833 6.5208
9.2999999999999829 6.5208
9.3999999999999826 6.5208
9.4999999999999822 6.5208
9.5999999999999819 6.5208
9.6999999999999815 6.5208
9.7999999999999812 6.5208
9.8999999999999808 6.5208
9.9999999999999805 6.5208
10.09999999999998 1
10.19999999999998 1
10.299999999999979 1
10.399999999999979 3.33333
10.499999999999979 3.63333
10.599999999999978 3.63333
10.699999999999978 3.63333
10.799999999999978 3.63333
10.899999999999977 3.90856
10.999999999999977 4.40454
11.099999999999977 4.40454
11.199999999999976 4.84749
11.299999999999976 4.84749
11.399999999999975 4.84749
11.499999999999975 5.25165
11.599999999999975 5.25165
11.699999999999974 5.62582
11.799999999999974 5.62582
11.899999999999974 5.62582
11.999999999999973 5.97588
12.099999999999973 6.14322
12.199999999999973 6.306
12.299999999999972 6.46458
12.399999999999972 6.46458
12.499999999999972 6.61927
12.599999999999971 7.0626
12.699999999999971 7.0626
12.799999999999971 7.343
12.89999999999997 7.343
12.99999999999997 7.343
13.099999999999969 7.87337
13.199999999999969 8.00038
13.299999999999969 8.24844
13.399999999999968 8.24844
13.499999999999968 8.24844
13.599999999999968 8.48916
13.699999999999967 8.95093
13.799999999999967 9.06265
13.899999999999967 9.17299
13.999999999999966 9.17299
14.099999999999966 9.28201
14.199999999999966 9.80873
14.299999999999965 9.80873
14.399999999999965 10.1115
14.499999999999964 10.1115
14.599999999999964 10.1115
14.699999999999964 10.5966
14.799999999999963 10.691
14.899999999999963 11.0604
14.999999999999963 11.0604
15.099999999999962 11.0604
15.199999999999962 11.3294
15.299999999999962 11.5922
15.399999999999961 11.8491
15.499999999999961 12.0173
15.599999999999961 12.0173
15.69999999999996 12.1831
15.79999999999996 12.5082
15.899999999999959 12.5882
15.999999999999959 12.9805
16.099999999999959 12.9805
16.19999999999996 12.9805
16.299999999999962 13.436
16.399999999999963 13.436
16.499999999999964 13.8766
16.599999999999966 13.8766
16.699999999999967 13.8766
16.799999999999969 14.2332
16.89999999999997 14.3734
16.999999999999972 14.6497
17.099999999999973 14.7859
17.199999999999974 14.7859
17.299999999999976 14.9879
17.399999999999977 15.3186
17.499999999999979 15.4489
17.59999999999998 15.7062
17.699999999999982 15.7062
17.799999999999983 15.7698
17.899999999999984 16.1466
17.999999999999986 16.2702
18.099999999999987 16.6355
18.199999999999989 16.6355
18.29999999999999 16.6355
18.399999999999991 16.934
18.499999999999993 17.2272
18.599999999999994 17.4582
18.699999999999996 17.5726
18.799999999999997 17.5726
18.899999999999999 17.7991
19 18.1336
19.100000000000001 18.3532
19.200000000000003 18.5162
19.300000000000004 18.5162
19.400000000000006 18.624
19.500000000000007 18.9439
19.600000000000009 19.2064
19.70000000000001 19.4653
19.800000000000011 19.4653
19.900000000000013 19.4653
20.000000000000014 19.7715
20.100000000000016 20.1229
20.200000000000017 20.3702
20.300000000000018 20.4193
20.40000000000002 20.4193
20.500000000000021 20.6145
20.600000000000023 20.9517
20.700000000000024 21.2364
20.800000000000026 21.3774
20.900000000000027 21.3774
21.000000000000028 21.4708
21.10000000000003 21.7948
21.200000000000031 22.0686
21.300000000000033 22.3391
21.400000000000034 22.3391
21.500000000000036 22.3839
21.600000000000037 22.6506
21.700000000000038 22.9142
21.80000000000004 23.218
21.900000000000041 23.304
22.000000000000043 23.304
22.100000000000044 23.5178
22.200000000000045 23.7718
22.300000000000047 24.0647
22.400000000000048 24.2718
22.50000000000005 24.2718
22.600000000000051 24.3952
22.700000000000053 24.6807
22.800000000000054 24.9228
22.900000000000055 25.1626
23.000000000000057 25.242
23.100000000000058 25.2816
23.20000000000006 25.5572
23.300000000000061 25.7911
23.400000000000063 26.0229
23.500000000000064 26.2144
23.600000000000065 26.2144
23.700000000000067 26.4425
23.800000000000068 26.6686
23.90000000000007 26.8928
24.000000000000071 27.152
24.100000000000072 27.1888
24.200000000000074 27.3357
24.300000000000075 27.5544
24.400000000000077 27.8075
24.500000000000078 28.0225
24.60000000000008 28.165
24.700000000000081 28.236
24.800000000000082 28.4478
24.900000000000084 28.693
25.000000000000085 28.9015
25.100000000000087 29.1084
25.200000000000088 29.1428
25.30000000000009 29.3821
25.400000000000091 29.5858
25.500000000000092 29.788
25.600000000000094 30.0222
25.700000000000095 30.122
25.800000000000097 30.2876
25.900000000000098 30.4852
26.000000000000099 30.6815
26.100000000000101 30.9089
26.200000000000102 31.1025
26.300000000000104 31.1989
26.400000000000105 31.3907
26.500000000000107 31.5814
26.600000000000108 31.8024
26.700000000000109 31.9906
26.800000000000111 32.1154
26.900000000000112 32.3018
27.000000000000114 32.5179
27.100000000000115 32.702
27.200000000000117 32.885
27.300000000000118 33.067
27.400000000000119 33.218
27.500000000000121 33.4281
27.600000000000122 33.6072
27.700000000000124 33.7854
27.800000000000125 33.992
27.900000000000126 34.1681
28.000000000000128 34.3434
28.100000000000129 34.5177
28.200000000000131 34.72
28.300000000000132 34.8924
28.400000000000134 35.064
28.500000000000135 35.2632
28.600000000000136 35.433
28.700000000000138 35.602
28.800000000000139 35.7982
28.900000000000141 35.9654
29.000000000000142 36.1319
29.100000000000144 36.3252
29.200000000000145 36.4901
29.300000000000146 36.6542
29.400000000000148 36.8448
29.500000000000149 37.0073
29.600000000000151 37.1692
29.700000000000152 37.3571
29.800000000000153 37.5174
29.900000000000155 37.677
30.000000000000156 37.8624
30.100000000000158 38.0206
30.200000000000159 38.1782
30.300000000000161 38.3611
30.400000000000162 38.5173
30.500000000000163 38.6728
30.600000000000165 38.8534
30.700000000000166 39.0076
30.800000000000168 39.1612
30.900000000000169 39.3396
31.000000000000171 39.4919
31.100000000000172 39.6435
31.200000000000173 39.8198
31.300000000000175 39.9702
31.400000000000176 40.1201
31.500000000000178 40.2942
31.600000000000179 40.4429
31.70000000000018 40.5911
31.800000000000182 40.7632
31.900000000000183 40.9102
32.000000000000185 41.0566
32.100000000000186 41.2268
32.200000000000188 41.3721
32.300000000000189 41.5169
32.40000000000019 41.6853
32.500000000000192 41.829
32.600000000000193 41.9722
32.700000000000195 42.1387
32.800000000000196 42.2809
32.900000000000198 42.4226
33.000000000000199 42.5873
33.1000000000002 42.728
33.200000000000202 42.8683
33.300000000000203 43.0313
33.400000000000205 43.1705
33.500000000000206 43.3093
33.600000000000207 43.4707
33.700000000000209 43.6086
33.80000000000021 43.746
33.900000000000212 43.9057
34.000000000000213 21.987
34.100000000000215 21.987
34.200000000000216 21.987
34.300000000000217 21.987
34.400000000000219 21.987
34.50000000000022 21.987
34.600000000000222 21.987
34.700000000000223 22.0325
34.800000000000225 22.0325
34.900000000000226 22.1232
35.000000000000227 22.4377
35.100000000000229 22.7038
35.20000000000023 22.9668
35.300000000000232 23.0103
35.400000000000233 23.0538
35.500000000000234 23.3128
35.600000000000236 23.569
35.700000000000237 23.8644
35.800000000000239 23.9899
35.90000000000024 23.9899
36.000000000000242 24.1976
36.100000000000243 24.4445
36.200000000000244 24.7295
36.300000000000246 24.931
36.400000000000247 24.931
36.500000000000249 25.0511
36.60000000000025 25.2897
36.700000000000252 25.5652
36.800000000000253 25.799
36.900000000000254 25.8765
37.000000000000256 25.9151
37.100000000000257 26.184
37.200000000000259 26.4123
37.30000000000026 26.6387
37.400000000000261 26.8259
37.500000000000263 26.8259
37.600000000000264 27.0488
37.700000000000266 27.2698
37.800000000000267 27.4891
37.900000000000269 27.7428
38.00000000000027 27.7788
38.100000000000271 27.9225
38.200000000000273 28.1367
38.300000000000274 28.3846
38.400000000000276 28.5953
38.500000000000277 28.7349
38.600000000000279 28.8045
38.70000000000028 29.0122
38.800000000000281 29.2526
38.900000000000283 29.4571
39.000000000000284 29.6602
39.100000000000286 29.6939
39.200000000000287 29.8954
39.300000000000288 30.1288
39.40000000000029 30.3274
39.500000000000291 30.5247
39.600000000000293 30.6555
39.700000000000294 30.8183
39.800000000000296 31.0125
39.900000000000297 31.2054
40.000000000000298 31.4291
40.1000000000003 31.6195
40.200000000000301 31.7143
40.300000000000303 31.903
40.400000000000304 32.0906
40.500000000000306 32.3081
40.600000000000307 32.4934
40.700000000000308 32.6163
40.80000000000031 32.7998
40.900000000000311 33.0127
41.000000000000313 33.194
41.100000000000314 33.3743
41.200000000000315 33.5537
41.300000000000317 33.7025
41.400000000000318 33.9096
41.50000000000032 34.0862
41.600000000000321 34.2618
41.700000000000323 34.4656
41.800000000000324 34.6104
41.900000000000325 34.8122
42.000000000000327 34.9842
42.100000000000328 35.1553
42.20000000000033 35.354
42.300000000000331 35.5234
42.400000000000333 35.6919
42.500000000000334 35.8876
42.600000000000335 36.0545
42.700000000000337 36.2205
42.800000000000338 36.4134
42.90000000000034 36.5778
43.000000000000341 36.7416
43.100000000000342 36.9317
43.200000000000344 37.0938
43.300000000000345 37.2553
43.400000000000347 37.4428
43.500000000000348 37.6027
43.60000000000035 37.762
43.700000000000351 37.947
43.800000000000352 38.1048
43.900000000000354 38.262
44.000000000000355 38.4446
44.100000000000357 38.6004
44.200000000000358 38.7556
44.30000000000036 38.9358
44.400000000000361 39.0897
44.500000000000362 39.2429
44.600000000000364 39.421
44.700000000000365 39.5729
44.800000000000367 39.7495
44.900000000000368 39.9002
45.000000000000369 40.0503
45.100000000000371 40.2248
45.200000000000372 40.3737
45.300000000000374 40.5221
45.400000000000375 40.6945
45.500000000000377 40.8417
45.600000000000378 40.9884
45.700000000000379 41.1589
45.800000000000381 41.3045
45.900000000000382 41.4495
46.000000000000384 41.6181
46.100000000000385 41.7621
46.200000000000387 41.9055
46.300000000000388 42.0723
46.400000000000389 42.2147
46.500000000000391 42.3566
46.600000000000392 42.5216
46.700000000000394 42.6625
46.800000000000395 42.803
46.900000000000396 42.9663
47.000000000000398 43.1057
47.100000000000399 43.2447
47.200000000000401 43.4063
47.300000000000402 43.5444
47.400000000000404 43.682
47.500000000000405 43.842
47.600000000000406 43.9787
47.700000000000408 21.9893
47.800000000000409 21.9893
47.900000000000411 21.9893
48.000000000000412 21.9893
48.100000000000414 21.9893
48.200000000000415 21.9893
48.300000000000416 21.9893
48.400000000000418 22.0348
48.500000000000419 22.0348
48.600000000000421 22.3057
48.700000000000422 22.5734
48.800000000000423 22.8379
48.900000000000425 23.0125
49.000000000000426 23.0125
49.100000000000428 23.1858
49.200000000000429 23.4434
49.300000000000431 23.6982
49.400000000000432 23.992
49.500000000000433 23.992
49.600000000000435 24.0753
49.700000000000436 24.3235
49.800000000000438 24.6098
49.900000000000439 24.8526
50.000000000000441 24.933
50.100000000000442 24.933
50.200000000000443 25.1727
50.300000000000445 25.4495
50.400000000000446 25.6844
50.500000000000448 25.8784
50.600000000000449 25.8784
50.70000000000045 26.0711
50.800000000000452 26.3004
50.900000000000453 26.5277
51.000000000000455 26.7904
51.100000000000456 26.8278
51.200000000000458 26.9394
51.300000000000459 27.1614
51.40000000000046 27.3816
51.500000000000462 27.6362
51.600000000000463 27.7806
51.700000000000465 27.8166
51.800000000000466 28.0317
51.900000000000468 28.245
52.000000000000469 28.4919
52.10000000000047 28.7019
52.200000000000472 28.7367
52.300000000000473 28.9103
52.400000000000475 29.1515
52.500000000000476 29.3568
52.600000000000477 29.5606
52.700000000000479 29.6956
52.80000000000048 29.7966
52.900000000000482 30.0307
53.000000000000483 30.2299
53.100000000000485 30.4279
53.200000000000486 30.6572
53.300000000000487 30.7224
53.400000000000489 30.9172
53.50000000000049 31.1107
53.600000000000492 31.335
53.700000000000493 31.526
53.800000000000495 31.6211
53.900000000000496 31.8104
54.000000000000497 31.9985
54.100000000000499 32.2167
54.2000000000005 32.4024
54.300000000000502 32.5872
54.400000000000503 32.7098
54.500000000000504 32.8928
54.600000000000506 33.105
54.700000000000507 33.2858
54.800000000000509 33.4657
54.90000000000051 33.6148
55.000000000000512 33.8225
55.100000000000513 33.9995
55.200000000000514 34.1756
55.300000000000516 34.3799
55.400000000000517 34.5251
55.500000000000519 34.7273
55.60000000000052 34.8998
55.700000000000522 35.0713
55.800000000000523 35.2704
55.900000000000524 35.4402
56.000000000000526 35.6092
56.100000000000527 35.8053
56.200000000000529 35.9725
56.30000000000053 36.139
56.400000000000531 36.3323
56.500000000000533 36.4971
56.600000000000534 36.6612
56.700000000000536 36.8517
56.800000000000537 37.0142
56.900000000000539 37.176
57.00000000000054 37.3639
57.100000000000541 37.5242
57.200000000000543 37.6838
57.300000000000544 37.8692
57.400000000000546 38.0273
57.500000000000547 38.1848
57.600000000000549 38.3678
57.70000000000055 38.5239
57.800000000000551 38.6794
57.900000000000553 38.86
58.000000000000554 39.0142
58.100000000000556 39.1677
58.200000000000557 39.3461
58.300000000000558 39.4983
58.40000000000056 39.65
58.500000000000561 39.8262
58.600000000000563 39.9766
58.700000000000564 40.1265
58.800000000000566 40.3006
58.900000000000567 40.4492
59.000000000000568 40.5973
59.10000000000057 40.7695
59.200000000000571 40.9164
59.300000000000573 41.0628
59.400000000000574 41.233
59.500000000000576 41.3783
59.600000000000577 41.5231
59.700000000000578 41.6914
59.80000000000058 41.8351
59.900000000000581 41.9783
60.000000000000583 42.1448
60.100000000000584 42.2869
60.200000000000585 42.4286
60.300000000000587 42.5933
60.400000000000588 42.734
60.50000000000059 42.8742
60.600000000000591 43.0372
60.700000000000593 43.1764
60.800000000000594 43.3152
60.900000000000595 43.4766
61.000000000000597 43.6144
61.100000000000598 43.7518
61.2000000000006 43.9115
61.300000000000601 21.9899
61.400000000000603 21.9899
61.500000000000604 21.9899
61.600000000000605 21.9899
61.700000000000607 21.9899
61.800000000000608 21.9899
61.90000000000061 21.9899
62.000000000000611 22.0354
62.100000000000612 22.0354
62.200000000000614 22.1712
62.300000000000615 22.4405
62.400000000000617 22.7066
62.500000000000618 23.0131
62.60000000000062 23.0131
62.700000000000621 23.0565
62.800000000000622 23.3155
62.900000000000624 23.5717
63.000000000000625 23.8671
63.100000000000627 23.9926
63.200000000000628 23.9926
63.30000000000063 24.2002
63.400000000000631 24.488
63.500000000000632 24.732
63.600000000000634 24.9335
63.700000000000635 24.9335
63.800000000000637 25.0537
63.900000000000638 25.3318
64.000000000000639 25.5677
64.100000000000634 25.8015
64.200000000000628 25.8789
64.300000000000622 25.9176
64.400000000000617 26.1865
64.500000000000611 26.4148
64.600000000000605 26.6411
64.7000000000006 26.8283
64.800000000000594 26.8283
64.900000000000588 27.0511
65.000000000000583 27.2722
65.100000000000577 27.5278
65.200000000000571 27.7451
65.300000000000566 27.7811
65.40000000000056 27.9248
65.500000000000554 28.139
65.600000000000549 28.3868
65.700000000000543 28.5975
65.800000000000537 28.7372
65.900000000000531 28.8067
66.000000000000526 29.0488
66.10000000000052 29.2548
66.200000000000514 29.4593
66.300000000000509 29.6961
66.400000000000503 29.6961
66.500000000000497 29.931
66.600000000000492 30.1309
66.700000000000486 30.3295
66.80000000000048 30.5595
66.900000000000475 30.6576
67.000000000000469 30.8203
67.100000000000463 31.0145
67.200000000000458 31.2075
67.300000000000452 31.4311
67.400000000000446 31.6215
67.500000000000441 31.7163
67.600000000000435 31.905
67.700000000000429 32.1237
67.800000000000423 32.3101
67.900000000000418 32.4953
68.000000000000412 32.6183
68.100000000000406 32.8018
68.200000000000401 33.0146
68.300000000000395 33.1959
68.400000000000389 33.3762
68.500000000000384 33.5556
68.600000000000378 33.734
68.700000000000372 33.9115
68.800000000000367 34.088
68.900000000000361 34.2929
69.000000000000355 34.4675
69.10000000000035 34.6412
69.200000000000344 34.814
69.300000000000338 34.986
69.400000000000333 35.1856
69.500000000000327 35.3558
69.600000000000321 35.5251
69.700000000000315 35.7217
69.80000000000031 35.8894
69.900000000000304 36.0562
70.000000000000298 36.2499
70.100000000000293 36.4151
70.200000000000287 36.5796
70.300000000000281 36.7705
70.400000000000276 36.9334
70.50000000000027 37.0955
70.600000000000264 37.2838
70.700000000000259 37.4445
70.800000000000253 37.6044
70.900000000000247 37.7902
71.000000000000242 37.9487
71.100000000000236 38.1065
71.20000000000023 38.2898
71.300000000000225 38.4463
71.400000000000219 38.6021
71.500000000000213 38.783
71.600000000000207 38.9375
71.700000000000202 39.0913
71.800000000000196 39.27
71.90000000000019 39.4226
72.000000000000185 39.5745
72.100000000000179 39.7511
72.200000000000173 39.9018
72.300000000000168 40.0519
72.400000000000162 40.2264
72.500000000000156 40.3753
72.600000000000151 40.5237
72.700000000000145 40.6961
72.800000000000139 40.8433
72.900000000000134 40.99
73.000000000000128 41.1605
73.100000000000122 41.306
73.200000000000117 41.4511
73.300000000000111 41.6196
73.400000000000105 41.7636
73.500000000000099 41.9071
73.600000000000094 42.0738
73.700000000000088 42.2162
73.800000000000082 42.3581
73.900000000000077 42.5231
74.000000000000071 42.664
74.100000000000065 42.8045
74.20000000000006 42.9677
74.300000000000054 43.1072
74.400000000000048 43.2462
74.500000000000043 43.4078
74.600000000000037 43.5458
74.700000000000031 43.6834
74.800000000000026 43.8434
74.90000000000002 43.9801
75.000000000000014 21.9901
75.100000000000009 21.9901
75.200000000000003 21.9901
75.299999999999997 21.9901
75.399999999999991 21.9901
75.499999999999986 21.9901
75.59999999999998 21.9901
75.699999999999974 22.0355
75.799999999999969 22.0355
75.899999999999963 22.3064
75.999999999999957 22.5741
76.099999999999952 22.8824
76.199999999999946 23.0132
76.29999999999994 23.0132
76.399999999999935 23.1865
76.499999999999929 23.4441
76.599999999999923 23.7411
76.699999999999918 23.9927
76.799999999999912 23.9927
76.899999999999906 24.076
76.999999999999901 24.3241
77.099999999999895 24.6105
77.199999999999889 24.8533
77.299999999999883 24.9337
77.399999999999878 24.9337
77.499999999999872 25.2131
77.599999999999866 25.4501
77.699999999999861 25.685
77.799999999999855 25.8791
77.899999999999849 25.8791
77.999999999999844 26.0717
78.099999999999838 26.301
78.199999999999832 26.5283
78.299999999999827 26.791
78.399999999999821 26.8284
78.499999999999815 26.94
78.59999999999981 27.162
78.699999999999804 27.4187
78.799999999999798 27.6368
78.899999999999793 27.7812
78.999999999999787 27.8172
79.099999999999781 28.0322
79.199999999999775 28.281
79.29999999999977 28.4925
79.399999999999764 28.7024
79.499999999999758 28.7373
79.599999999999753 28.9108
79.699999999999747 29.1521
79.799999999999741 29.3573
79.899999999999736 29.5611
79.99999999999973 29.6962
80.099999999999724 29.8306
80.199999999999719 30.0312
80.299999999999713 30.2305
80.399999999999707 30.4613
80.499999999999702 30.6577
80.599999999999696 30.7229
80.69999999999969 30.9177
80.799999999999685 31.1112
80.899999999999679 31.3356
80.999999999999673 31.5265
81.099999999999667 31.6216
81.199999999999662 31.8109
81.299999999999656 31.999
81.39999999999965 32.2171
81.499999999999645 32.4029
81.599999999999639 32.5877
81.699999999999633 32.7102
81.799999999999628 32.9236
81.899999999999622 33.1055
81.999999999999616 33.2863
82.099999999999611 33.496
82.199999999999605 33.6153
82.299999999999599 33.823
82.399999999999594 34
82.499999999999588 34.1761
82.599999999999582 34.3804
82.699999999999577 34.5545
82.799999999999571 34.7278
82.899999999999565 34.9002
82.999999999999559 35.1003
83.099999999999554 35.2709
83.199999999999548 35.4407
83.299999999999542 35.6377
83.399999999999537 35.8057
83.499999999999531 35.973
83.599999999999525 36.1671
83.69999999999952 36.3327
83.799999999999514 36.4975
83.899999999999508 36.6889
83.999999999999503 36.8521
84.099999999999497 37.0146
84.199999999999491 37.2033
84.299999999999486 37.3643
84.39999999999948 37.5246
84.499999999999474 37.7108
84.599999999999469 37.8696
84.699999999999463 38.0278
84.799999999999457 38.2115
84.899999999999451 38.3682
84.999999999999446 38.5243
85.09999999999944 38.7057
85.199999999999434 38.8604
85.299999999999429 39.0146
85.399999999999423 39.1936
85.499999999999417 39.3465
85.599999999999412 39.4987
85.699999999999406 39.6756
85.7999999999994 39.8266
85.899999999999395 39.977
85.999999999999389 40.1518
86.099999999999383 40.301
86.199999999999378 40.4496
86.299999999999372 40.6224
86.399999999999366 40.7698
86.499999999999361 40.9168
86.599999999999355 41.0876
86.699999999999349 41.2334
86.799999999999343 41.3787
86.899999999999338 41.5476
86.999999999999332 41.6918
87.099999999999326 41.8355
87.199999999999321 42.0025
87.299999999999315 42.1451
87.399999999999309 42.2873
87.499999999999304 42.4526
87.599999999999298 42.5937
87.699999999999292 42.7344
87.799999999999287 42.8979
87.899999999999281 43.0376
87.999999999999275 43.1768
88.09999999999927 43.3387
88.199999999999264 43.4769
88.299999999999258 43.6148
88.399999999999253 43.775
88.499999999999247 43.9119
88.599999999999241 21.9901
88.699999999999235 21.9901
88.79999999999923 21.9901
88.899999999999224 21.9901
88.999999999999218 21.9901
89.099999999999213 21.9901
89.199999999999207 21.9901
89.299999999999201 22.0356
89.399999999999196 22.0356
89.49999999999919 22.1714
89.599999999999184 22.4407
89.699999999999179 22.7067
89.799999999999173 23.0132
89.899999999999167 23.0132
89.999999999999162 23.0567
90.099999999999156 23.3157
90.19999999999915 23.6143
90.299999999999145 23.8673
90.399999999999139 23.9927
90.499999999999133 23.9927
90.599999999999127 24.2004
90.699999999999122 24.4882
90.799999999999116 24.7322
90.89999999999911 24.9337
90.999999999999105 24.9337
91.099999999999099 25.0538
91.199999999999093 25.3319
91.299999999999088 25.5678
91.399999999999082 25.8016
91.499999999999076 25.8791
91.599999999999071 25.9563
91.699999999999065 26.1866
91.799999999999059 26.4149
91.899999999999054 26.6788
91.999999999999048 26.8284
92.099999999999042 26.8284
92.199999999999037 27.0513
92.299999999999031 27.2723
92.399999999999025 27.528
92.499999999999019 27.7452
92.599999999999014 27.7813
92.699999999999008 27.925
92.799999999999002 28.1747
92.899999999998997 28.387
92.999999999998991 28.5977
93.099999999998985 28.7373
93.19999999999898 28.8068
93.299999999998974 29.049
93.399999999998968 29.2549
93.499999999998963 29.4594
93.599999999998957 29.6962
93.699999999998951 29.6962
93.799999999998946 29.9311
93.89999999999894 30.131
93.999999999998934 30.3296
94.099999999998929 30.5597
94.199999999998923 30.6577
94.299999999998917 30.8205
94.399999999998911 31.0146
94.499999999998906 31.2396
94.5999999999989 31.4312
94.699999999998894 31.6216
94.799999999998889 31.7164
94.899999999998883 31.9051
94.999999999998877 32.1239
95.099999999998872 32.3102
95.199999999998866 32.4955
95.29999999999886 32.6184
95.399999999998855 32.8324
95.499999999998849 33.0147
95.599999999998843 33.196
95.699999999998838 33.4063
95.799999999998832 33.5557
95.899999999998826 33.7341
95.99999999999882 33.9116
96.099999999998815 34.0882
96.199999999998809 34.293
96.299999999998803 34.4676
96.399999999998798 34.6413
96.499999999998792 34.8141
96.599999999998786 34.9861
96.699999999998781 35.1857
96.799999999998775 35.3559
96.899999999998769 35.5253
96.999999999998764 35.7218
97.099999999998758 35.8895
97.199999999998752 36.0563
97.299999999998747 36.25
97.399999999998741 36.4152
97.499999999998735 36.5797
97.59999999999873 36.7706
97.699999999998724 36.9335
97.799999999998718 37.0956
97.899999999998712 37.2839
97.999999999998707 37.4446
98.099999999998701 37.6045
98.199999999998695 37.7903
98.29999999999869 37.9488
98.399999999998684 38.1066
98.499999999998678 38.2899
98.599999999998673 38.4464
98.699999999998667 38.6281
98.799999999998661 38.7831
98.899999999998656 38.9376
98.99999999999865 39.117
99.099999999998644 39.2701
99.199999999998639 39.4227
99.299999999998633 39.5999
99.399999999998627 39.7512
99.499999999998622 39.9019
99.599999999998616 40.077
99.69999999999861 40.2265
99.799999999998604 40.3754
99.899999999998599 40.5484
99.999999999998593 40.6962
100.09999999999859 40.8434
100.19999999999858 41.0145
100.29999999999858 41.1606
100.39999999999857 41.3061
100.49999999999856 41.4753
100.59999999999856 41.6197
100.69999999999855 41.6678
100.79999999999855 41.6678
100.89999999999854 41.6678
100.99999999999854 41.6678
101.09999999999853 41.6678
101.19999999999852 41.6678
101.29999999999852 41.6678
101.39999999999851 1
101.49999999999851 1
101.5999999999985 1
101.6999999999985 1
101.79999999999849 1
101.89999999999849 1
101.99999999999848 1
102.09999999999847 1
102.19999999999847 1
102.29999999999846 1
102.39999999999846 1
102.49999999999845 1
102.59999999999845 1
102.69999999999844 1
102.79999999999843 1
102.89999999999843 1
102.99999999999842 1
103.09999999999842 1
103.19999999999841 1
103.29999999999841 1
103.3999999999984 1
103.49999999999839 1
103.59999999999839 1
103.69999999999838 1
103.79999999999838 1
103.89999999999837 1
103.99999999999837 1
104.09999999999836 1
104.19999999999835 1
104.29999999999835 1
104.39999999999834 1
104.49999999999834 1
104.59999999999833 1
104.69999999999833 1
104.79999999999832 1
104.89999999999831 1
104.99999999999831 1
105.0999999999983 1
105.1999999999983 1
105.29999999999829 1
105.39999999999829 1
105.49999999999828 1
105.59999999999827 1
105.69999999999827 1
105.79999999999826 1
105.89999999999826 1
105.99999999999825 1
106.09999999999825 1
106.19999999999824 1
106.29999999999824 1
106.39999999999823 1
106.49999999999822 1
106.59999999999822 1
106.69999999999821 1
106.79999999999821 1
106.8999999999982 1
106.9999999999982 1
107.09999999999819 1
107.19999999999818 1
107.29999999999818 1
107.39999999999817 1
107.49999999999817 1
107.59999999999816 1
107.69999999999816 1
107.79999999999815 1
107.89999999999814 1
107.99999999999814 1
108.09999999999813 1
108.19999999999813 1
108.29999999999812 1
108.39999999999812 1
108.49999999999811 1
108.5999999999981 1
108.6999999999981 1
108.79999999999809 1
108.89999999999809 1
108.99999999999808 1
109.09999999999808 1
109.19999999999807 1
109.29999999999806 1
109.39999999999806 1
109.49999999999805 1
109.59999999999805 1
109.69999999999804 1
109.79999999999804 1
109.89999999999803 1
109.99999999999802 1
110.09999999999802 1
110.19999999999801 1
110.29999999999801 1
110.399999999998 1
110.499999999998 1
110.59999999999799 1
110.69999999999798 1
110.79999999999798 1
110.89999999999797 1
110.99999999999797 1
111.09999999999796 1
111.19999999999796 1
111.29999999999795 1
111.39999999999795 1
111.49999999999794 1
111.59999999999793 1
111.69999999999793 1
111.79999999999792 1
111.89999999999792 1
111.99999999999791 1
112.09999999999791 1
112.1999999999979 1
112.29999999999789 1
112.39999999999789 1
112.49999999999788 1
112.59999999999788 1
112.69999999999787 1
112.79999999999787 1
112.89999999999786 1
112.99999999999785 1
113.09999999999785 1
113.19999999999784 1
113.29999999999784 1
113.39999999999783 1
113.49999999999783 1
113.59999999999782 1
113.69999999999781 1
113.79999999999781 1
113.8999999999978 1
113.9999999999978 1
114.09999999999779 1
114.19999999999779 1
114.29999999999778 1
114.39999999999777 1
114.49999999999777 1
114.59999999999776 1
114.69999999999776 1
114.79999999999775 1
114.89999999999775 1
114.99999999999774 1
115.09999999999773 1
115.19999999999773 1
115.29999999999772 1
115.39999999999772 1
115.49999999999771 1
115.59999999999771 1
115.6999999999977 1
115.79999999999769 1
115.89999999999769 1
115.99999999999768 1
116.09999999999768 1
116.19999999999767 1
116.29999999999767 1
116.39999999999766 1
116.49999999999766 1
116.59999999999765 1
116.69999999999764 1
116.79999999999764 1
116.89999999999763 1
116.99999999999763 1
117.09999999999762 1
117.19999999999762 1
117.29999999999761 1
117.3999999999976 1
117.4999999999976 1
117.59999999999759 1
117.69999999999759 1
117.79999999999758 1
117.89999999999758 1
117.99999999999757 1
118.09999999999756 1
118.19999999999756 1
118.29999999999755 1
118.39999999999755 1
118.49999999999754 1
118.59999999999754 1
118.69999999999753 1
118.79999999999752 1
118.89999999999752 1
118.99999999999751 1
119.09999999999751 1
119.1999999999975 1
119.2999999999975 1
119.39999999999749 1
119.49999999999748 1
119.59999999999748 1
119.69999999999747 1
119.79999999999747 1
119.89999999999746 1
119.99999999999746 1
120.09999999999745 1
120.19999999999744 1
120.29999999999744 1
120.39999999999743 1
120.49999999999743 1
120.59999999999742 1
120.69999999999742 1
120.79999999999741 1
120.89999999999741 1
120.9999999999974 1
121.09999999999739 1
121.19999999999739 1
121.29999999999738 1
121.39999999999738 1
121.49999999999737 1
121.59999999999737 1
121.69999999999736 1
121.79999999999735 1
121.89999999999735 1
121.99999999999734 1
122.09999999999734 1
122.19999999999733 1
122.29999999999733 1
122.39999999999732 1
122.49999999999731 1
122.59999999999731 1
122.6999999999973 1
122.7999999999973 1
122.89999999999729 1
122.99999999999729 1
123.09999999999728 1
123.19999999999727 1
123.29999999999727 1
123.39999999999726 1
123.49999999999726 1
123.59999999999725 1
123.69999999999725 1
123.79999999999724 1
123.89999999999723 1
123.99999999999723 1
124.09999999999722 1
124.19999999999722 1
124.29999999999721 1
124.39999999999721 1
124.4999999999972 1
124.59999999999719 1
124.69999999999719 1
124.79999999999718 1
124.89999999999718 1
124.99999999999717 1
