0.10000000000000001 1
0.20000000000000001 1
0.30000000000000004 1
0.40000000000000002 1
0.5 1
0.59999999999999998 1
0.69999999999999996 2
0.79999999999999993 2
0.89999999999999991 2
0.99999999999999989 2
1.0999999999999999 2
1.2 4
1.3 4
1.4000000000000001 4
1.5000000000000002 4
1.6000000000000003 4
1.7000000000000004 7
1.8000000000000005 8
1.9000000000000006 8
2.0000000000000004 8
2.1000000000000005 8
2.2000000000000006 9
2.3000000000000007 15
2.4000000000000008 16
2.5000000000000009 16
2.600000000000001 16
2.7000000000000011 16
2.8000000000000012 21
2.9000000000000012 28
3.0000000000000013 32
3.1000000000000014 32
3.2000000000000015 32
3.3000000000000016 36
3.4000000000000017 42
3.5000000000000018 48
3.6000000000000019 1
3.700000000000002 1
3.800000000000002 1
3.9000000000000021 1
4.0000000000000018 1
4.1000000000000014 1
4.2000000000000011 1
4.3000000000000007 2
4.4000000000000004 2
4.5 2
4.5999999999999996 2
4.6999999999999993 2
4.7999999999999989 3
4.8999999999999986 3
4.9999999999999982 3
5.0999999999999979 3
5.1999999999999975 3
5.2999999999999972 3
5.3999999999999968 5
5.4999999999999964 5
5.5999999999999961 5
5.6999999999999957 5
5.7999999999999954 5
5.899999999999995 7
5.9999999999999947 8
6.0999999999999943 8
6.199999999999994 8
6.2999999999999936 8
6.3999999999999932 8
6.4999999999999929 10
6.5999999999999925 13
6.6999999999999922 13
6.7999999999999918 13
6.8999999999999915 13
6.9999999999999911 14
7.0999999999999908 17
7.1999999999999904 20
7.2999999999999901 20
7.3999999999999897 20
7.4999999999999893 21
7.599999999999989 25.04
7.6999999999999886 25.3182
7.7999999999999883 25.5543
7.8999999999999879 25.5934
7.9999999999999876 25.6715
8.0999999999999872 25.7882
8.1999999999999869 26.0584
8.2999999999999865 26.2878
8.3999999999999861 26.5153
8.4999999999999858 26.5906
8.5999999999999854 26.6658
8.6999999999999851 26.9272
8.7999999999999847 27.1493
8.8999999999999844 27.3695
8.999999999999984 27.5154
9.0999999999999837 27.588
9.1999999999999833 27.8048
9.2999999999999829 28.0199
9.3999999999999826 28.2688
9.4999999999999822 28.4804
9.5999999999999819 28.5505
9.6999999999999815 28.6904
9.7999999999999812 28.8989
9.8999999999999808 29.1402
9.9999999999999805 29.3455
10.09999999999998 29.5155
10.19999999999998 29.5832
10.299999999999979 29.8191
10.399999999999979 30.0197
10.499999999999979 30.219
10.599999999999978 30.417
10.699999999999978 30.4828
10.799999999999978 30.7117
10.899999999999977 30.9065
10.999999999999977 31.1001
11.099999999999977 31.3245
11.199999999999976 31.452
11.299999999999976 31.6107
11.399999999999975 31.8
11.499999999999975 31.9882
11.599999999999975 32.2064
11.699999999999974 32.3923
11.799999999999974 32.5156
11.899999999999974 32.6997
11.999999999999973 32.9131
12.099999999999973 33.095
12.199999999999973 33.2759
12.299999999999972 33.4259
12.399999999999972 33.605
12.499999999999972 33.8128
12.599999999999971 33.9898
12.699999999999971 34.166
12.799999999999971 34.3703
12.89999999999997 34.5445
12.99999999999997 34.7178
13.099999999999969 34.8903
13.199999999999969 35.0904
13.299999999999969 35.2611
13.399999999999968 35.4309
13.499999999999968 35.628
13.599999999999968 35.7961
13.699999999999967 35.9634
13.799999999999967 36.1576
13.899999999999967 36.3232
13.999999999999966 36.4881
14.099999999999966 36.6795
14.199999999999966 36.8427
14.299999999999965 37.0053
14.399999999999965 37.1941
14.499999999999964 37.3551
14.599999999999964 37.5154
14.699999999999964 37.7016
14.799999999999963 37.8605
14.899999999999963 38.0187
14.999999999999963 38.2024
15.099999999999962 38.3592
15.199999999999962 38.5154
15.299999999999962 38.6967
15.399999999999961 38.8515
15.499999999999961 39.0057
15.599999999999961 39.1848
15.69999999999996 39.3377
15.79999999999996 39.49
15.899999999999959 39.6669
15.999999999999959 39.8179
16.099999999999959 39.9684
16.19999999999996 40.1432
16.299999999999962 40.2924
16.399999999999963 40.4411
16.499999999999964 40.6139
16.599999999999966 40.7614
16.699999999999967 40.9083
16.799999999999969 41.0792
16.89999999999997 41.225
16.999999999999972 41.3703
17.099999999999973 41.5392
17.199999999999974 41.6835
17.299999999999976 41.8272
17.399999999999977 41.9943
17.499999999999979 42.1369
17.59999999999998 42.2791
17.699999999999982 42.4444
17.799999999999983 42.5856
17.899999999999984 42.7263
17.999999999999986 42.8899
18.099999999999987 43.0296
18.199999999999989 43.1688
18.29999999999999 43.3307
18.399999999999991 43.469
18.499999999999993 43.6068
18.599999999999994 43.7671
18.699999999999996 43.904
18.799999999999997 1
18.899999999999999 1
19 1
19.100000000000001 1
19.200000000000003 1
19.300000000000004 1
19.400000000000006 1
19.500000000000007 2
19.600000000000009 2
19.70000000000001 2
19.800000000000011 2
19.900000000000013 2
20.000000000000014 4
20.100000000000016 4
20.200000000000017 4
20.300000000000018 4
20.40000000000002 4
20.500000000000021 4
20.600000000000023 8
20.700000000000024 8
20.800000000000026 8
20.900000000000027 8
21.000000000000028 8
21.10000000000003 12
21.200000000000031 16
21.300000000000033 16
21.400000000000034 16
21.500000000000036 16
21.600000000000037 18
21.700000000000038 21.1898
21.80000000000004 21.4714
21.900000000000041 21.518
22.000000000000043 21.518
22.100000000000044 21.5645
22.200000000000045 21.8412
22.300000000000047 22.1145
22.400000000000048 22.4291
22.50000000000005 22.4737
22.600000000000051 22.4737
22.700000000000053 22.6953
22.800000000000054 22.9584
22.900000000000055 23.2616
23.000000000000057 23.4331
23.100000000000058 23.4331
23.20000000000006 23.5609
23.300000000000061 23.8564
23.400000000000063 24.1068
23.500000000000064 24.3546
23.600000000000065 24.3957
23.700000000000067 24.4367
23.800000000000068 24.7217
23.90000000000007 24.9634
24.000000000000071 25.2028
24.100000000000072 25.3612
24.200000000000074 25.3612
24.300000000000075 25.5968
24.400000000000077 25.8304
24.500000000000078 26.0618
24.60000000000008 26.3292
24.700000000000081 26.3292
24.800000000000082 26.4808
24.900000000000084 26.7066
25.000000000000085 26.9676
25.100000000000087 27.1893
25.200000000000088 27.2995
25.30000000000009 27.3727
25.400000000000091 27.5912
25.500000000000092 27.8439
25.600000000000094 28.0587
25.700000000000095 28.2719
25.800000000000097 28.2719
25.900000000000098 28.5185
26.000000000000099 28.7283
26.100000000000101 28.9365
26.200000000000102 29.1775
26.300000000000104 29.2461
26.400000000000105 29.4166
26.500000000000107 29.62
26.600000000000108 29.822
26.700000000000109 30.0559
26.800000000000111 30.2219
26.900000000000112 30.3211
27.000000000000114 30.5184
27.100000000000115 30.7145
27.200000000000117 30.9417
27.300000000000118 31.1351
27.400000000000119 31.2313
27.500000000000121 31.423
27.600000000000122 31.6451
27.700000000000124 31.8342
27.800000000000125 32.0222
27.900000000000126 32.1781
28.000000000000128 32.3331
28.100000000000129 32.549
28.200000000000131 32.7329
28.300000000000132 32.9158
28.400000000000134 33.1279
28.500000000000135 33.2485
28.600000000000136 33.4584
28.700000000000138 33.6374
28.800000000000139 33.8449
28.900000000000141 34.0218
29.000000000000142 34.1978
29.100000000000144 34.3729
29.200000000000145 34.547
29.300000000000146 34.7492
29.400000000000148 34.9215
29.500000000000149 35.0929
29.600000000000151 35.2919
29.700000000000152 35.4616
29.800000000000153 35.6305
29.900000000000155 35.8265
30.000000000000156 35.9936
30.100000000000158 36.16
30.200000000000159 36.3531
30.300000000000161 36.5179
30.400000000000162 36.6819
30.500000000000163 36.8723
30.600000000000165 37.0347
30.700000000000166 37.1964
30.800000000000168 37.3842
30.900000000000169 37.5444
31.000000000000171 37.7039
31.100000000000172 37.8892
31.200000000000173 38.0473
31.300000000000175 38.2047
31.400000000000176 38.3875
31.500000000000178 38.5436
31.600000000000179 38.699
31.70000000000018 38.8795
31.800000000000182 39.0336
31.900000000000183 39.187
32.000000000000185 39.3653
32.100000000000186 39.5175
32.200000000000188 39.6691
32.300000000000189 39.8452
32.40000000000019 39.9956
32.500000000000192 40.1453
32.600000000000193 40.3194
32.700000000000195 40.468
32.800000000000196 40.616
32.900000000000198 40.788
33.000000000000199 40.9349
33.1000000000002 41.0813
33.200000000000202 41.2514
33.300000000000203 41.3966
33.400000000000205 41.5413
33.500000000000206 41.7096
33.600000000000207 41.8532
33.700000000000209 41.9964
33.80000000000021 42.1627
33.900000000000212 42.3049
34.000000000000213 42.4465
34.100000000000215 42.6111
34.200000000000216 42.7517
34.300000000000217 42.8919
34.400000000000219 43.0548
34.50000000000022 43.194
34.600000000000222 43.3327
34.700000000000223 43.494
34.800000000000225 43.6318
34.900000000000226 43.7691
35.000000000000227 43.9288
35.100000000000229 1
35.20000000000023 1
35.300000000000232 1
35.400000000000233 1
35.500000000000234 1
35.600000000000236 1
35.700000000000237 1
35.800000000000239 2
35.90000000000024 2
36.000000000000242 2
36.100000000000243 2
36.200000000000244 2
36.300000000000246 4
36.400000000000247 4
36.500000000000249 4
36.60000000000025 4
36.700000000000252 4
36.800000000000253 5
36.900000000000254 8
37.000000000000256 8
37.100000000000257 8
37.200000000000259 8
37.30000000000026 8
37.400000000000261 13
37.500000000000263 16
37.600000000000264 16
37.700000000000266 16
37.800000000000267 16
37.900000000000269 19
38.00000000000027 21.237
38.100000000000271 21.518
38.200000000000273 21.518
38.300000000000274 21.518
38.400000000000276 21.5645
38.500000000000277 21.887
38.600000000000279 22.1597
38.70000000000028 22.4291
38.800000000000281 22.4737
38.900000000000283 22.4737
39.000000000000284 22.7394
39.100000000000286 23.002
39.200000000000287 23.3046
39.300000000000288 23.4331
39.40000000000029 23.4331
39.500000000000291 23.6033
39.600000000000293 23.8564
39.700000000000294 24.1483
39.800000000000296 24.3957
39.900000000000297 24.3957
40.000000000000298 24.4776
40.1000000000003 24.7217
40.200000000000301 25.0035
40.300000000000303 25.2425
40.400000000000304 25.3612
40.500000000000306 25.3612
40.600000000000307 25.6359
40.700000000000308 25.8691
40.80000000000031 26.1001
40.900000000000311 26.3292
41.000000000000313 26.3292
41.100000000000314 26.5186
41.200000000000315 26.744
41.300000000000317 26.9676
41.400000000000318 27.2261
41.50000000000032 27.2995
41.600000000000321 27.4092
41.700000000000323 27.6274
41.800000000000324 27.8439
41.900000000000325 28.0943
42.000000000000327 28.2719
42.100000000000328 28.3072
42.20000000000033 28.5185
42.300000000000331 28.7631
42.400000000000333 28.9711
42.500000000000334 29.1775
42.600000000000335 29.2461
42.700000000000337 29.4166
42.800000000000338 29.6538
42.90000000000034 29.8555
43.000000000000341 30.0559
43.100000000000342 30.2219
43.200000000000344 30.3541
43.300000000000345 30.5512
43.400000000000347 30.7471
43.500000000000348 30.974
43.60000000000035 31.1672
43.700000000000351 31.2634
43.800000000000352 31.4548
43.900000000000354 31.6451
44.000000000000355 31.8656
44.100000000000357 32.0534
44.200000000000358 32.1781
44.30000000000036 32.3641
44.400000000000361 32.549
44.500000000000362 32.7635
44.600000000000364 32.9462
44.700000000000365 33.1279
44.800000000000367 33.2785
44.900000000000368 33.4883
45.000000000000369 33.6671
45.100000000000371 33.8449
45.200000000000372 34.0512
45.300000000000374 34.1978
45.400000000000375 34.4019
45.500000000000377 34.576
45.600000000000378 34.7492
45.700000000000379 34.9501
45.800000000000381 35.1214
45.900000000000382 35.2919
46.000000000000384 35.4898
46.100000000000385 35.6585
46.200000000000387 35.8265
46.300000000000388 36.0214
46.400000000000389 36.1876
46.500000000000391 36.3531
46.600000000000392 36.5452
46.700000000000394 36.7091
46.800000000000395 36.8723
46.900000000000396 37.0617
47.000000000000398 37.2233
47.100000000000399 37.3842
47.200000000000401 37.571
47.300000000000402 37.7304
47.400000000000404 37.8892
47.500000000000405 38.0736
47.600000000000406 38.2309
47.700000000000408 38.3875
47.800000000000409 38.5695
47.900000000000411 38.7248
48.000000000000412 38.8795
48.100000000000414 39.0592
48.200000000000415 39.2126
48.300000000000416 39.3653
48.400000000000418 39.5428
48.500000000000419 39.6943
48.600000000000421 39.8452
48.700000000000422 40.0206
48.800000000000423 40.1703
48.900000000000425 40.3194
49.000000000000426 40.4927
49.100000000000428 40.6406
49.200000000000429 40.788
49.300000000000431 40.9594
49.400000000000432 41.1056
49.500000000000433 41.2514
49.600000000000435 41.4208
49.700000000000436 41.5654
49.800000000000438 41.7096
49.900000000000439 41.8771
50.000000000000441 42.0202
50.100000000000442 42.1627
50.200000000000443 42.3285
50.300000000000445 42.47
50.400000000000446 42.6111
50.500000000000448 42.7751
50.600000000000449 42.9152
50.70000000000045 43.0548
50.800000000000452 43.2172
50.900000000000453 43.3558
51.000000000000455 43.494
51.100000000000456 43.6547
51.200000000000458 43.792
51.300000000000459 43.9288
51.40000000000046 1
51.500000000000462 1
51.600000000000463 1
51.700000000000465 1
51.800000000000466 1
51.900000000000468 1
52.000000000000469 1
52.10000000000047 2
52.200000000000472 2
52.300000000000473 2
52.400000000000475 2
52.500000000000476 2
52.600000000000477 4
52.700000000000479 4
52.80000000000048 4
52.900000000000482 4
53.000000000000483 4
53.100000000000485 5
53.200000000000486 8
53.300000000000487 8
53.400000000000489 8
53.50000000000049 8
53.600000000000492 8
53.700000000000493 14
53.800000000000495 16
53.900000000000496 16
54.000000000000497 16
54.100000000000499 16
54.2000000000005 20
54.300000000000502 21.237
54.400000000000503 21.518
54.500000000000504 21.518
54.600000000000506 21.518
54.700000000000507 21.6108
54.800000000000509 21.887
54.90000000000051 22.2049
55.000000000000512 22.4737
55.100000000000513 22.4737
55.200000000000514 22.4737
55.300000000000516 22.7834
55.400000000000517 23.0455
55.500000000000519 23.3046
55.60000000000052 23.4331
55.700000000000522 23.4331
55.800000000000523 23.6457
55.900000000000524 23.8983
56.000000000000526 24.1483
56.100000000000527 24.3957
56.200000000000529 24.3957
56.30000000000053 24.5185
56.400000000000531 24.7622
56.500000000000533 25.0435
56.600000000000534 25.2821
56.700000000000536 25.3612
56.800000000000537 25.4006
56.900000000000539 25.6359
57.00000000000054 25.9077
57.100000000000541 26.1385
57.200000000000543 26.3292
57.300000000000544 26.3292
57.400000000000546 26.5186
57.500000000000547 26.7814
57.600000000000549 27.0047
57.70000000000055 27.2261
57.800000000000551 27.2995
57.900000000000553 27.4457
58.000000000000554 27.6636
58.100000000000556 27.8798
58.200000000000557 28.1299
58.300000000000558 28.2719
58.40000000000056 28.3425
58.500000000000561 28.5536
58.600000000000563 28.7631
58.700000000000564 29.0056
58.800000000000566 29.2118
58.900000000000567 29.2461
59.000000000000568 29.4506
59.10000000000057 29.6875
59.200000000000571 29.889
59.300000000000573 30.0892
59.400000000000574 30.2219
59.500000000000576 30.3541
59.600000000000577 30.5839
59.700000000000578 30.7796
59.80000000000058 30.974
59.900000000000581 31.1993
60.000000000000583 31.2634
60.100000000000584 31.4866
60.200000000000585 31.6767
60.300000000000587 31.8656
60.400000000000588 32.0846
60.50000000000059 32.2091
60.600000000000591 32.395
60.700000000000593 32.5797
60.800000000000594 32.794
60.900000000000595 32.9765
61.000000000000597 33.1581
61.100000000000598 33.3086
61.2000000000006 33.4883
61.300000000000601 33.6968
61.400000000000603 33.8745
61.500000000000604 34.0512
61.600000000000605 34.227
61.700000000000607 34.431
61.800000000000608 34.6049
61.90000000000061 34.7779
62.000000000000611 34.9787
62.100000000000612 35.1499
62.200000000000614 35.3203
62.300000000000615 35.518
62.400000000000617 35.6866
62.500000000000618 35.8544
62.60000000000062 36.0491
62.700000000000621 36.2153
62.800000000000622 36.3806
62.900000000000624 36.5726
63.000000000000625 36.7364
63.100000000000627 36.8994
63.200000000000628 37.0887
63.30000000000063 37.2501
63.400000000000631 37.4109
63.500000000000632 37.5976
63.600000000000634 37.7569
63.700000000000635 37.9156
63.800000000000637 38.0998
63.900000000000638 38.257
64.000000000000639 38.4136
64.100000000000634 38.5955
64.200000000000628 38.7507
64.300000000000622 38.9052
64.400000000000617 39.0848
64.500000000000611 39.2381
64.600000000000605 39.3907
64.7000000000006 39.5681
64.800000000000594 39.7195
64.900000000000588 39.8703
65.000000000000583 40.0455
65.100000000000577 40.1951
65.200000000000571 40.3442
65.300000000000566 40.5174
65.40000000000056 40.6652
65.500000000000554 40.8126
65.600000000000549 40.9838
65.700000000000543 41.1299
65.800000000000537 41.2756
65.900000000000531 41.4449
66.000000000000526 41.5895
66.10000000000052 41.7335
66.200000000000514 41.901
66.300000000000509 42.044
66.400000000000503 42.1865
66.500000000000497 42.3521
66.600000000000492 42.4936
66.700000000000486 42.6346
66.80000000000048 42.7985
66.900000000000475 42.9385
67.000000000000469 43.0781
67.100000000000463 43.2403
67.200000000000458 43.3789
67.300000000000452 43.517
67.400000000000446 43.6776
67.500000000000441 43.8148
67.600000000000435 43.9516
67.700000000000429 1
67.800000000000423 1
67.900000000000418 1
68.000000000000412 1
68.100000000000406 1
68.200000000000401 1
68.300000000000395 1
68.400000000000389 2
68.500000000000384 2
68.600000000000378 2
68.700000000000372 2
68.800000000000367 2
68.900000000000361 4
69.000000000000355 4
69.10000000000035 4
69.200000000000344 4
69.300000000000338 4
69.400000000000333 6
69.500000000000327 8
69.600000000000321 8
69.700000000000315 8
69.80000000000031 8
69.900000000000304 8
70.000000000000298 15
70.100000000000293 16
70.200000000000287 16
70.300000000000281 16
70.400000000000276 16
70.50000000000027 21
70.600000000000264 21.2841
70.700000000000259 21.518
70.800000000000253 21.518
70.900000000000247 21.518
71.000000000000242 21.6571
71.100000000000236 21.9327
71.20000000000023 22.2499
71.300000000000225 22.4737
71.400000000000219 22.4737
71.500000000000213 22.5182
71.600000000000207 22.7834
71.700000000000202 23.0888
71.800000000000196 23.3475
71.90000000000019 23.4331
72.000000000000185 23.4331
72.100000000000179 23.688
72.200000000000173 23.9402
72.300000000000168 24.1897
72.400000000000162 24.3957
72.500000000000156 24.3957
72.600000000000151 24.5592
72.700000000000145 24.8026
72.800000000000139 25.0435
72.900000000000134 25.3217
73.000000000000128 25.3612
73.100000000000122 25.44
73.200000000000117 25.6749
73.300000000000111 25.9077
73.400000000000105 26.1767
73.500000000000099 26.3292
73.600000000000094 26.3292
73.700000000000088 26.5563
73.800000000000082 26.8187
73.900000000000077 27.0417
74.000000000000071 27.2628
74.100000000000065 27.2995
74.20000000000006 27.4457
74.300000000000054 27.6998
74.400000000000048 27.9157
74.500000000000043 28.1299
74.600000000000037 28.2719
74.700000000000031 28.3778
74.800000000000026 28.5886
74.90000000000002 28.7978
75.000000000000014 29.04
75.100000000000009 29.2461
75.200000000000003 29.2802
75.299999999999997 29.4846
75.399999999999991 29.6875
75.499999999999986 29.9225
75.59999999999998 30.1224
75.699999999999974 30.2219
75.799999999999969 30.387
75.899999999999963 30.5839
75.999999999999957 30.8121
76.099999999999952 31.0063
76.199999999999946 31.1993
76.29999999999994 31.2954
76.399999999999935 31.5183
76.499999999999929 31.7082
76.599999999999923 31.897
76.699999999999918 32.1158
76.799999999999912 32.2091
76.899999999999906 32.4258
76.999999999999901 32.6104
77.099999999999895 32.794
77.199999999999889 33.0069
77.299999999999883 33.1581
77.399999999999878 33.3386
77.499999999999872 33.5182
77.599999999999866 33.7265
77.699999999999861 33.904
77.799999999999855 34.0806
77.899999999999849 34.2562
77.999999999999844 34.431
78.099999999999838 34.6338
78.199999999999832 34.8067
78.299999999999827 34.9787
78.399999999999821 35.1783
78.499999999999815 35.3486
78.59999999999981 35.518
78.699999999999804 35.7146
78.799999999999798 35.8823
78.899999999999793 36.0491
78.999999999999787 36.2429
79.099999999999781 36.4081
79.199999999999775 36.5726
79.29999999999977 36.7636
79.399999999999764 36.9265
79.499999999999758 37.0887
79.599999999999753 37.277
79.699999999999747 37.4377
79.799999999999741 37.5976
79.899999999999736 37.7834
79.99999999999973 37.942
80.099999999999724 38.0998
80.199999999999719 38.2832
80.299999999999713 38.4396
80.399999999999707 38.5955
80.499999999999702 38.7765
80.599999999999696 38.9309
80.69999999999969 39.0848
80.799999999999685 39.2635
80.899999999999679 39.4161
80.999999999999673 39.5681
81.099999999999667 39.7447
81.199999999999662 39.8954
81.299999999999656 40.0455
81.39999999999965 40.22
81.499999999999645 40.369
81.599999999999639 40.5174
81.699999999999633 40.6898
81.799999999999628 40.8371
81.899999999999622 40.9838
81.999999999999616 41.1543
82.099999999999611 41.2998
82.199999999999605 41.4449
82.299999999999599 41.6135
82.399999999999594 41.7575
82.499999999999588 41.901
82.599999999999582 42.0677
82.699999999999577 42.2102
82.799999999999571 42.3521
82.899999999999565 42.5171
82.999999999999559 42.658
83.099999999999554 42.7985
83.199999999999548 42.9618
83.299999999999542 43.1013
83.399999999999537 43.2403
83.499999999999531 43.4019
83.599999999999525 43.54
83.69999999999952 43.6776
83.799999999999514 43.8376
83.899999999999508 43.9743
83.999999999999503 1
84.099999999999497 1
84.199999999999491 1
84.299999999999486 1
84.39999999999948 1
84.499999999999474 1
84.599999999999469 1
84.699999999999463 2
84.799999999999457 2
84.899999999999451 2
84.999999999999446 2
85.09999999999944 2
85.199999999999434 4
85.299999999999429 4
85.399999999999423 4
85.499999999999417 4
85.599999999999412 4
85.699999999999406 7
85.7999999999994 8
85.899999999999395 8
85.999999999999389 8
86.099999999999383 8
86.199999999999378 9
86.299999999999372 15
86.399999999999366 16
86.499999999999361 16
86.599999999999355 16
86.699999999999349 16
86.799999999999343 21.0476
86.899999999999338 21.3311
86.999999999999332 21.518
87.099999999999326 21.518
87.199999999999321 21.518
87.299999999999315 21.7033
87.399999999999309 21.9783
87.499999999999304 22.2499
87.599999999999298 22.4737
87.699999999999292 22.4737
87.799999999999287 22.5626
87.899999999999281 22.8273
87.999999999999275 23.1322
88.09999999999927 23.3903
88.199999999999264 23.4331
88.299999999999258 23.4331
88.399999999999253 23.688
88.499999999999247 23.9819
88.599999999999241 24.231
88.699999999999235 24.3957
88.79999999999923 24.3957
88.899999999999224 24.5592
88.999999999999218 24.8429
89.099999999999213 25.0834
89.199999999999207 25.3217
89.299999999999201 25.3612
89.399999999999196 25.4793
89.49999999999919 25.7139
89.599999999999184 25.9463
89.699999999999179 26.2149
89.799999999999173 26.3292
89.899999999999167 26.3672
89.999999999999162 26.5939
90.099999999999156 26.8187
90.19999999999915 27.0787
90.299999999999145 27.2995
90.399999999999139 27.2995
90.499999999999133 27.4822
90.599999999999127 27.7359
90.699999999999122 27.9515
90.799999999999116 28.1655
90.89999999999911 28.2719
90.999999999999105 28.3778
91.099999999999099 28.6236
91.199999999999093 28.8326
91.299999999999088 29.04
91.399999999999082 29.2461
91.499999999999076 29.2802
91.599999999999071 29.5185
91.699999999999065 29.7212
91.799999999999059 29.9225
91.899999999999054 30.1556
91.999999999999048 30.2219
92.099999999999042 30.4199
92.199999999999037 30.6166
92.299999999999031 30.8445
92.399999999999025 31.0385
92.499999999999019 31.1993
92.599999999999014 31.3273
92.699999999999008 31.5183
92.799999999999002 31.7398
92.899999999998997 31.9283
92.999999999998991 32.1158
93.099999999998985 32.2402
93.19999999999898 32.4567
93.299999999998974 32.6411
93.399999999998968 32.8245
93.499999999998963 33.0372
93.599999999998957 33.1581
93.699999999998951 33.3686
93.799999999998946 33.548
93.89999999999894 33.7265
93.999999999998934 33.9335
94.099999999998929 34.1099
94.199999999998923 34.2854
94.299999999998917 34.4601
94.399999999998911 34.6338
94.499999999998906 34.8354
94.5999999999989 35.0073
94.699999999998894 35.1783
94.799999999998889 35.3769
94.899999999998883 35.5461
94.999999999998877 35.7146
95.099999999998872 35.9101
95.199999999998866 36.0769
95.29999999999886 36.2429
95.399999999998855 36.4356
95.499999999998849 36.5999
95.599999999998843 36.7636
95.699999999998838 36.9536
95.799999999998832 37.1156
95.899999999998826 37.277
95.99999999999882 37.4644
96.099999999998815 37.6242
96.199999999998809 37.7834
96.299999999998803 37.9683
96.399999999998798 38.1261
96.499999999998792 38.2832
96.599999999998786 38.4656
96.699999999998781 38.6214
96.799999999998775 38.7765
96.899999999998769 38.9566
96.999999999998764 39.1104
97.099999999998758 39.2635
97.199999999998752 39.4415
97.299999999998747 39.5934
97.399999999998741 39.7447
97.499999999998735 39.9205
97.59999999999873 40.0705
97.699999999998724 40.22
97.799999999998718 40.3937
97.899999999998712 40.5421
97.999999999998707 40.6898
98.099999999998701 40.8615
98.199999999998695 41.0082
98.29999999999869 41.1543
98.399999999998684 41.3241
98.499999999998678 41.469
98.599999999998673 41.6135
98.699999999998667 41.7814
98.799999999998661 41.9248
98.899999999998656 42.0677
98.99999999999865 42.2339
99.099999999998644 42.3757
99.199999999998639 42.5171
99.299999999998633 42.6815
99.399999999998627 42.8219
99.499999999998622 42.9851
99.599999999998616 43.1245
99.69999999999861 43.2634
99.799999999998604 43.425
99.899999999998599 43.5629
99.999999999998593 43.7005
100.09999999999859 43.8604
100.19999999999858 43.9743
100.29999999999858 1
100.39999999999857 1
100.49999999999856 1
100.59999999999856 1
100.69999999999855 1
100.79999999999855 2
100.89999999999854 2
100.99999999999854 2
101.09999999999853 2
101.19999999999852 2
101.29999999999852 2
101.39999999999851 2
101.49999999999851 2
101.5999999999985 2
101.6999999999985 1
101.79999999999849 1
101.89999999999849 1
101.99999999999848 1
102.09999999999847 1
102.19999999999847 1
102.29999999999846 1
102.39999999999846 1
102.49999999999845 1
102.59999999999845 1
102.69999999999844 1
102.79999999999843 1
102.89999999999843 1
102.99999999999842 1
103.09999999999842 1
103.19999999999841 1
103.29999999999841 1
103.3999999999984 1
103.49999999999839 1
103.59999999999839 1
103.69999999999838 1
103.79999999999838 1
103.89999999999837 1
103.99999999999837 1
104.09999999999836 1
104.19999999999835 1
104.29999999999835 1
104.39999999999834 1
104.49999999999834 1
104.59999999999833 1
104.69999999999833 1
104.79999999999832 1
104.89999999999831 1
104.99999999999831 1
105.0999999999983 1
105.1999999999983 1
105.29999999999829 1
105.39999999999829 1
105.49999999999828 1
105.59999999999827 1
105.69999999999827 1
105.79999999999826 1
105.89999999999826 1
105.99999999999825 1
106.09999999999825 1
106.19999999999824 1
106.29999999999824 1
106.39999999999823 1
106.49999999999822 1
106.59999999999822 1
106.69999999999821 1
106.79999999999821 1
106.8999999999982 1
106.9999999999982 1
107.09999999999819 1
107.19999999999818 1
107.29999999999818 1
107.39999999999817 1
107.49999999999817 1
107.59999999999816 1
107.69999999999816 1
107.79999999999815 1
107.89999999999814 1
107.99999999999814 1
108.09999999999813 1
108.19999999999813 1
108.29999999999812 1
108.39999999999812 1
108.49999999999811 1
108.5999999999981 1
108.6999999999981 1
108.79999999999809 1
108.89999999999809 1
108.99999999999808 1
109.09999999999808 1
109.19999999999807 1
109.29999999999806 1
109.39999999999806 1
109.49999999999805 1
109.59999999999805 1
109.69999999999804 1
109.79999999999804 1
109.89999999999803 1
109.99999999999802 1
110.09999999999802 1
110.19999999999801 1
110.29999999999801 1
110.399999999998 1
110.499999999998 1
110.59999999999799 1
110.69999999999798 1
110.79999999999798 1
110.89999999999797 1
110.99999999999797 1
111.09999999999796 1
111.19999999999796 1
111.29999999999795 1
111.39999999999795 1
111.49999999999794 1
111.59999999999793 1
111.69999999999793 1
111.79999999999792 1
111.89999999999792 1
111.99999999999791 1
112.09999999999791 1
112.1999999999979 1
112.29999999999789 1
112.39999999999789 1
112.49999999999788 1
112.59999999999788 1
112.69999999999787 1
112.79999999999787 1
112.89999999999786 1
112.99999999999785 1
113.09999999999785 1
113.19999999999784 1
113.29999999999784 1
113.39999999999783 1
113.49999999999783 1
113.59999999999782 1
113.69999999999781 1
113.79999999999781 1
113.8999999999978 1
113.9999999999978 1
114.09999999999779 1
114.19999999999779 1
114.29999999999778 1
114.39999999999777 1
114.49999999999777 1
114.59999999999776 1
114.69999999999776 1
114.79999999999775 1
114.89999999999775 1
114.99999999999774 1
115.09999999999773 1
115.19999999999773 1
115.29999999999772 1
115.39999999999772 1
115.49999999999771 1
115.59999999999771 1
115.6999999999977 1
115.79999999999769 1
115.89999999999769 1
115.99999999999768 1
116.09999999999768 1
116.19999999999767 1
116.29999999999767 1
116.39999999999766 1
116.49999999999766 1
116.59999999999765 1
116.69999999999764 1
116.79999999999764 1
116.89999999999763 1
116.99999999999763 1
117.09999999999762 1
117.19999999999762 1
117.29999999999761 1
117.3999999999976 1
117.4999999999976 1
117.59999999999759 1
117.69999999999759 1
117.79999999999758 1
117.89999999999758 1
117.99999999999757 1
118.09999999999756 1
118.19999999999756 1
118.29999999999755 1
118.39999999999755 1
118.49999999999754 1
118.59999999999754 1
118.69999999999753 1
118.79999999999752 1
118.89999999999752 1
118.99999999999751 1
119.09999999999751 1
119.1999999999975 1
119.2999999999975 1
119.39999999999749 1
119.49999999999748 1
119.59999999999748 1
119.69999999999747 1
119.79999999999747 1
119.89999999999746 1
119.99999999999746 1
120.09999999999745 1
120.19999999999744 1
120.29999999999744 1
120.39999999999743 1
120.49999999999743 1
120.59999999999742 1
120.69999999999742 1
120.79999999999741 1
120.89999999999741 1
120.9999999999974 1
121.09999999999739 1
121.19999999999739 1
121.29999999999738 1
121.39999999999738 1
121.49999999999737 1
121.59999999999737 1
121.69999999999736 1
121.79999999999735 1
121.89999999999735 1
121.99999999999734 1
122.09999999999734 1
122.19999999999733 1
122.29999999999733 1
122.39999999999732 1
122.49999999999731 1
122.59999999999731 1
122.6999999999973 1
122.7999999999973 1
122.89999999999729 1
122.99999999999729 1
123.09999999999728 1
123.19999999999727 1
123.29999999999727 1
123.39999999999726 1
123.49999999999726 1
123.59999999999725 1
123.69999999999725 1
123.79999999999724 1
123.89999999999723 1
123.99999999999723 1
124.09999999999722 1
124.19999999999722 1
124.29999999999721 1
124.39999999999721 1
124.4999999999972 1
124.59999999999719 1
124.69999999999719 1
124.79999999999718 1
124.89999999999718 1
124.99999999999717 1
