0 0.180288 
1 0.175232 
2 0.251008 
3 0.251008 
4 0.251008 
5 0.246272 
6 0.251008 
7 0.251008 
8 0.251008 
9 0.251008 
10 0.246272 
11 0.251008 
12 0.251008 
13 0.251008 
14 0.246272 
15 0.251008 
16 0.251008 
17 0.251008 
18 0.251008 
19 0.246272 
20 0.251008 
21 0.251008 
22 0.251008 
23 0.251008 
24 0.246272 
25 0.251008 
26 0.251008 
27 0.251008 
28 0.246272 
29 0.251008 
30 0.251008 
31 0.251008 
32 0.251008 
33 0.246272 
34 0.251008 
35 0.251008 
36 0.251008 
37 0.251008 
38 0.246272 
39 0.251008 
40 0.251008 
41 0.251008 
42 0.251008 
43 0.246272 
44 0.251008 
45 0.251008 
46 0.251008 
47 0.246272 
48 0.251008 
49 0.251008 
50 0.251008 
51 0.251008 
52 0.246272 
53 0.251008 
54 0.251008 
55 0.251008 
56 0.251008 
57 0.246272 
58 0.251008 
59 0.251008 
60 0.251008 
61 0.246272 
62 0.251008 
63 0.251008 
64 0.251008 
65 0.251008 
66 0.246272 
67 0.251008 
68 0.251008 
69 0.251008 
70 0.251008 
71 0.246272 
72 0.251008 
73 0.251008 
74 0.251008 
75 0.246272 
76 0.251008 
77 0.251008 
78 0.251008 
79 0.251008 
80 0.246272 
81 0.251008 
82 0.251008 
83 0.251008 
84 0.251008 
85 0.246272 
86 0.251008 
87 0.251008 
88 0.251008 
89 0.246272 
90 0.251008 
91 0.251008 
92 0.251008 
93 0.251008 
94 0.246272 
95 0.251008 
96 0.251008 
97 0.251008 
98 0.251008 
99 0.246272 
